# Fix print output for fix Bdxdl
1 -1.33226762955019e-15 -3.37320907995927e-14
1 -0.00128799355794895 0.0466975302041415
1 -0.00194350032446655 0.0574691058864121
1 -0.00234255114300586 0.0631074920711455
1 -0.00272638596854469 0.0680856117341107
1 -0.00312959250864031 0.0729493402625605
1 -0.00355602032070679 0.0777629536704752
1 -0.00400538751231405 0.0825324054427705
1 -0.00447685451342417 0.0872567728964375
1 -0.00496949482672038 0.0919344480894135
1 -0.00548235971340305 0.096563874600179
1 -0.00548235971340305 0.096563874600179
1 -0.00258759321574031 0.0663459014701962
1 -0.0018363380471057 0.0559007479845267
1 -0.00160959577164466 0.0523352418331105
1 -0.00154508652379437 0.051277614640749
1 -0.00152705842479095 0.0509781635069651
1 -0.00152334724782111 0.0509161496262328
1 -0.00152292787009523 0.0509094414070812
1 -0.00152319996493189 0.0509140345030369
1 -0.00152342898174007 0.0509179018605435
1 -0.00152356188891312 0.0509201405751652
1 -0.00152362438614995 0.0509211871652693
1 -0.00152365143268485 0.0509216408629337
1 -0.00152366221819511 0.0509218213718859
1 -0.00152366627221057 0.0509218891688724
1 -0.00152366770744139 0.0509219131705152
1 -0.00152366817934835 0.0509219210608473
1 -0.00152366832574813 0.0509219235046228
1 -0.00152366836485207 0.050921924157044
1 -0.00152366837373663 0.0509219243051182
1 -0.00152366837447759 0.0509219243167936
1 -0.00152366837395335 0.0509219243076124
1 -0.00152366837340023 0.050921924298383
1 -0.00152366837311013 0.0509219242934701
1 -0.00152366837295403 0.0509219242909739
1 -0.00152366837289974 0.050921924289976
1 -0.00152366837287632 0.0509219242895631
1 -0.00152366837286744 0.0509219242894774
1 -0.00152366837287043 0.050921924289391
1 -0.00152366837287177 0.0509219242893734
1 -0.00152366837286944 0.0509219242893678
1 -0.0015236683728661 0.050921924289315
1 -0.00152366837286688 0.0509219242893646
1 -0.00152366837286533 0.0509219242893661
1 -0.0015236683728701 0.0509219242894554
1 -0.001523668372864 0.0509219242893865
1 -0.00152366837288254 0.0509219242894714
1 -0.00152366837287177 0.0509219242894359
1 -0.00152366837286932 0.0509219242894287
1 -0.00152366837287032 0.0509219242894938
1 -0.00152366837286877 0.0509219242894174
2 -0.00152366837286877 0.0509219242894174
2 -0.00537384774133831 0.0955327557690155
2 -0.00649115203098327 0.105069465522469
2 -0.00712455789911925 0.110085531437235
2 -0.0077159735577822 0.114566264025331
2 -0.00831634406680382 0.11894195649519
2 -0.00893050177526755 0.123257676987359
2 -0.00955814860795889 0.12751760746955
2 -0.0101984424696536 0.131721758658283
2 -0.0108505005636168 0.135869813842693
2 -0.0115134551301525 0.139961519413216
2 -0.0115134551301525 0.139961519413216
2 -0.00757193136120604 0.113535725574878
2 -0.0063730872754526 0.10415837831322
2 -0.0059570088013936 0.100695485753339
2 -0.00581692178345228 0.0995004462167213
2 -0.00576695033724151 0.0990689383313341
2 -0.00575020300480322 0.0989232086353338
2 -0.00574435470105483 0.098872039421111
2 -0.00574243817005293 0.0988551634359451
2 -0.00574178578273665 0.0988494103226301
2 -0.0057415773955678 0.0988475639012024
2 -0.00574151018445967 0.0988469660107066
2 -0.00574148964176635 0.0988467829082076
2 -0.0057414835291798 0.0988467282164275
2 -0.0057414817915129 0.0988467127165833
2 -0.00574148136453512 0.0988467089558239
2 -0.00574148127255392 0.0988467081733757
2 -0.00574148127001728 0.0988467081716902
2 -0.00574148127716589 0.0988467082446198
2 -0.00574148128461505 0.0988467083134645
2 -0.00574148128846574 0.0988467083487556
2 -0.00574148129058316 0.0988467083677333
2 -0.00574148129150498 0.098846708375974
2 -0.00574148129193042 0.0988467083798753
2 -0.00574148129212015 0.0988467083812693
2 -0.00574148129219376 0.0988467083819447
2 -0.00574148129221785 0.0988467083821408
2 -0.00574148129222263 0.0988467083823747
2 -0.0057414812922254 0.0988467083823606
2 -0.00574148129226304 0.0988467083825235
2 -0.00574148129225904 0.0988467083824888
2 -0.00574148129223429 0.0988467083824068
2 -0.00574148129221952 0.0988467083823944
2 -0.00574148129222896 0.0988467083823734
2 -0.00574148129224727 0.0988467083823948
2 -0.00574148129225061 0.0988467083824254
2 -0.00574148129224128 0.098846708382383
2 -0.00574148129223773 0.0988467083824766
2 -0.00574148129224927 0.0988467083825066
2 -0.00574148129225738 0.098846708382501
2 -0.00574148129225793 0.098846708382586
3 -0.00574148129225793 0.098846708382586
3 -0.0114812846594475 0.13971801970758
3 -0.0128032635987286 0.147594320664022
3 -0.0135535156393334 0.15186428145993
3 -0.0142571956277017 0.155760276095516
3 -0.0149629274135376 0.159572276595115
3 -0.0156744449405897 0.163325916519467
3 -0.0163914543635588 0.16702369080225
3 -0.0171133329458226 0.170666162049832
3 -0.0178394555662391 0.174253779528509
3 -0.0185692226996065 0.177787027440269
3 -0.0185692226996065 0.177787027440269
3 -0.0141299232016681 0.155111689934686
3 -0.0126506924793636 0.146759553022556
3 -0.0121106771409519 0.143584813303112
3 -0.0119240498194267 0.142465408346705
3 -0.0118566693066892 0.142056926767051
3 -0.0118339441705136 0.141918096989757
3 -0.0118260203791851 0.141869529056213
3 -0.0118234129745912 0.141853518498144
3 -0.0118225409811789 0.141848178928199
3 -0.0118222667602563 0.141846504075703
3 -0.0118221818583685 0.14184599019857
3 -0.0118221572439775 0.141845842676738
3 -0.0118221510220242 0.141845806144003
3 -0.011822149732972 0.141845798828663
3 -0.0118221497224209 0.141845798896433
3 -0.011822149855563 0.141845799730028
3 -0.0118221499728743 0.141845800440349
3 -0.0118221500330984 0.141845800802256
3 -0.0118221500638043 0.141845800986199
3 -0.0118221500768442 0.141845801064189
3 -0.0118221500826275 0.141845801098965
3 -0.0118221500849062 0.141845801112729
3 -0.0118221500858521 0.141845801118318
3 -0.0118221500861933 0.141845801120473
3 -0.0118221500863441 0.141845801121369
3 -0.0118221500863471 0.141845801121475
3 -0.0118221500863518 0.141845801121527
3 -0.0118221500863737 0.141845801121615
3 -0.0118221500863626 0.141845801121673
3 -0.0118221500863992 0.141845801121771
3 -0.011822150086366 0.141845801121569
3 -0.0118221500863883 0.141845801121709
3 -0.0118221500863684 0.141845801121731
3 -0.0118221500863614 0.141845801121669
3 -0.0118221500863889 0.141845801121729
3 -0.0118221500863959 0.141845801121765
3 -0.0118221500864029 0.141845801121794
3 -0.0118221500864193 0.141845801121853
3 -0.0118221500863981 0.141845801121776
3 -0.0118221500863833 0.141845801121722
4 -0.0118221500863833 0.141845801121722
4 -0.0186685798580992 0.178235246192702
4 -0.0199915737680505 0.184478931379728
4 -0.0207716032271229 0.188051353691436
4 -0.0215134898634919 0.191386439847222
4 -0.0222536468088256 0.194657376231803
4 -0.0229942278220715 0.197876749911762
4 -0.023734994560613 0.201046062294695
4 -0.0244755664816317 0.204166083246707
4 -0.0252155747110249 0.207237547255082
4 -0.0259546715740849 0.210261196716781
4 -0.0259546715740849 0.210261196716781
4 -0.0212836257282382 0.19039866849175
4 -0.0196106381189185 0.182748020630387
4 -0.0190492095016705 0.180098464587458
4 -0.0189010450422993 0.179387011345929
4 -0.0188717904333472 0.179244894615723
4 -0.0188730105492334 0.179249791743569
4 -0.0188773634195967 0.179270388509017
4 -0.0188802376709595 0.179284172836741
4 -0.018881588528242 0.179290675032337
4 -0.018882118523179 0.17929323456972
4 -0.0188822995569904 0.179294109052694
4 -0.0188823501163581 0.179294352220513
4 -0.0188823607487099 0.179294402953006
4 -0.0188823607498011 0.179294402686054
4 -0.0188823594664705 0.179294396411321
4 -0.0188823585149035 0.179294391826702
4 -0.0188823580665505 0.179294389675931
4 -0.0188823578808345 0.179294388788699
4 -0.0188823578188886 0.179294388493903
4 -0.0188823578007578 0.17929438840749
4 -0.0188823577972661 0.179294388390794
4 -0.0188823577972115 0.179294388390658
4 -0.0188823577976823 0.179294388392849
4 -0.0188823577980669 0.179294388394466
4 -0.0188823577981994 0.179294388395107
4 -0.0188823577982389 0.179294388395485
4 -0.018882357798279 0.179294388395553
4 -0.0188823577982737 0.179294388395505
4 -0.018882357798288 0.179294388395578
4 -0.0188823577982647 0.1792943883955
4 -0.0188823577982683 0.179294388395522
4 -0.0188823577982657 0.179294388395527
4 -0.0188823577982782 0.179294388395523
4 -0.0188823577982445 0.179294388395491
4 -0.018882357798256 0.179294388395504
4 -0.0188823577982811 0.179294388395531
4 -0.0188823577982274 0.179294388395464
4 -0.0188823577982771 0.179294388395495
4 -0.0188823577982973 0.179294388395615
4 -0.0188823577982975 0.179294388395581
5 -0.0188823577982975 0.179294388395581
5 -0.0261858588740612 0.211185474139233
5 -0.0274010128710904 0.216057381854201
5 -0.0281618505827024 0.219046998527352
5 -0.0288956354918164 0.221892452290961
5 -0.0296257412148521 0.224688667674369
5 -0.0303531944481745 0.227441362732122
5 -0.0310778431261021 0.230151551948064
5 -0.0317994886166693 0.232820005464858
5 -0.0325179438522694 0.235447476723754
5 -0.0332330355750473 0.238034712847871
5 -0.0332330355750473 0.238034712847871
5 -0.02838421487793 0.219943602143778
5 -0.0265862626826795 0.212828825997986
5 -0.026150816132296 0.211064090954311
5 -0.0261487577259125 0.211053377572706
5 -0.0262032297172876 0.211274211409423
5 -0.0262356107959154 0.211405742857484
5 -0.0262467358213497 0.211451032201315
5 -0.0262487826066508 0.211459403704487
5 -0.0262484761288997 0.211458167627177
5 -0.0262480110083911 0.211456274387157
5 -0.0262477914821451 0.211455379915998
5 -0.026247724059838 0.21145510520878
5 -0.0262477163602731 0.211455073987175
5 -0.0262477204869604 0.211455090863524
5 -0.0262477241107156 0.211455105626522
5 -0.0262477255817845 0.211455111607235
5 -0.026247725959146 0.211455113135691
5 -0.0262477259713796 0.211455113183026
5 -0.0262477259285693 0.211455113008894
5 -0.0262477259020363 0.211455112901154
5 -0.0262477258924848 0.211455112862502
5 -0.0262477258906643 0.211455112855141
5 -0.0262477258908385 0.211455112855875
5 -0.0262477258912261 0.211455112857405
5 -0.0262477258913949 0.211455112858093
5 -0.0262477258914512 0.211455112858343
5 -0.0262477258914454 0.211455112858272
5 -0.0262477258914076 0.211455112858304
5 -0.0262477258914252 0.211455112858346
5 -0.026247725891516 0.211455112858419
5 -0.0262477258914831 0.211455112858333
5 -0.0262477258914753 0.211455112858248
5 -0.0262477258914543 0.211455112858452
5 -0.0262477258914419 0.211455112858387
5 -0.0262477258914713 0.211455112858385
5 -0.0262477258914637 0.211455112858333
5 -0.0262477258914238 0.211455112858318
5 -0.0262477258914453 0.211455112858317
5 -0.0262477258914545 0.211455112858373
5 -0.0262477258914884 0.211455112858522
6 -0.0262477258914884 0.211455112858522
6 -0.0335665360608621 0.239228397115416
6 -0.0346370902165327 0.243036965186848
6 -0.0353559848215158 0.245560253382949
6 -0.0360567288171939 0.247995918944789
6 -0.0367528670982362 0.250393004593184
6 -0.0374448362723711 0.252754098841918
6 -0.0381325631540058 0.25507996034514
6 -0.0388159636394515 0.257371268145382
6 -0.0394949613822964 0.259628687984882
6 -0.0401694880201365 0.261852874540197
6 -0.0401694880201365 0.261852874540197
6 -0.0351278449379686 0.244770607622749
6 -0.0333379696650201 0.238410920639664
6 -0.033204234627232 0.237928714238977
6 -0.033394728218691 0.23861764471326
6 -0.0334925731333987 0.238969612138644
6 -0.0335084832559355 0.239026583207827
6 -0.0335021046328029 0.239003610153734
6 -0.0334971308686627 0.238985730907888
6 -0.0334959386710678 0.23898145556851
6 -0.0334960818661589 0.23898197031497
6 -0.0334963136320833 0.23898280284609
6 -0.0334963894251697 0.238983074752731
6 -0.0334963911467387 0.238983081101339
6 -0.0334963813922817 0.238983046084815
6 -0.0334963770560279 0.238983030522345
6 -0.0334963765396458 0.238983028656529
6 -0.0334963768974196 0.238983029941
6 -0.0334963771245423 0.238983030756916
6 -0.0334963771699641 0.238983030920579
6 -0.0334963771597455 0.238983030883958
6 -0.0334963771488009 0.238983030844692
6 -0.0334963771457524 0.238983030833531
6 -0.033496377145844 0.238983030833861
6 -0.0334963771463309 0.238983030835682
6 -0.0334963771465185 0.238983030836331
6 -0.0334963771465143 0.238983030836301
6 -0.0334963771464829 0.238983030836298
6 -0.0334963771464508 0.238983030836186
6 -0.0334963771464776 0.23898303083622
6 -0.0334963771464318 0.238983030836106
6 -0.0334963771464775 0.238983030836186
6 -0.0334963771464478 0.238983030836229
6 -0.0334963771464732 0.238983030836229
6 -0.033496377146499 0.238983030836154
6 -0.0334963771464409 0.238983030836173
6 -0.0334963771464347 0.23898303083614
6 -0.0334963771465133 0.238983030836316
6 -0.0334963771464776 0.238983030836249
6 -0.0334963771464559 0.238983030836224
6 -0.0334963771464554 0.2389830308362
7 -0.0334963771464554 0.2389830308362
7 -0.0405692770721756 0.263163922285921
7 -0.0414968732561917 0.266178236357093
7 -0.0421654384141834 0.268331677657152
7 -0.0428217648174923 0.270429968451819
7 -0.0434731657066145 0.272497434378175
7 -0.0441198229505892 0.274535338445997
7 -0.0447617182916227 0.276544274426113
7 -0.0453988326227143 0.278524806544993
7 -0.0460311512396955 0.280477487236428
7 -0.0466586636985163 0.282402857701754
7 -0.0466586636985163 0.282402857701754
7 -0.0414208812422953 0.265927077403658
7 -0.0398461709866624 0.260776612214076
7 -0.0401226808620333 0.261698613587886
7 -0.040410039321278 0.262642815652104
7 -0.0404418498161877 0.262745043145919
7 -0.0404100164827899 0.262640460684815
7 -0.0403982464265344 0.262602187470573
7 -0.0403995955716155 0.262606658759713
7 -0.0404015878057592 0.262613147009894
7 -0.0404018618265849 0.262614032357705
7 -0.0404016624079332 0.262613383579569
7 -0.0404015767757967 0.262613105090244
7 -0.0404015831559469 0.262613125569931
7 -0.0404015964312768 0.262613168784452
7 -0.0404015986169558 0.262613175984113
7 -0.0404015974068868 0.262613172059621
7 -0.0404015968053616 0.262613170087746
7 -0.0404015968277791 0.262613170156889
7 -0.0404015969131037 0.262613170436418
7 -0.040401596930719 0.262613170494541
7 -0.0404015969236904 0.262613170471516
7 -0.0404015969194725 0.262613170457774
7 -0.0404015969193985 0.262613170457637
7 -0.0404015969199352 0.262613170459402
7 -0.0404015969201084 0.262613170459941
7 -0.0404015969201161 0.262613170459798
7 -0.0404015969200221 0.2626131704597
7 -0.0404015969199978 0.262613170459642
7 -0.0404015969200172 0.262613170459638
7 -0.0404015969200502 0.262613170459698
7 -0.0404015969200275 0.262613170459672
7 -0.0404015969200086 0.262613170459595
7 -0.0404015969200373 0.2626131704596
7 -0.0404015969200201 0.262613170459655
7 -0.0404015969200459 0.26261317045968
7 -0.0404015969200233 0.262613170459671
7 -0.0404015969199991 0.262613170459579
7 -0.0404015969200585 0.262613170459623
7 -0.0404015969200652 0.262613170459677
7 -0.0404015969200491 0.262613170459729
8 -0.0404015969200491 0.262613170459729
8 -0.0470936597032787 0.283733769906989
8 -0.0478952643593621 0.286161820778957
8 -0.0485122363653346 0.288020110486958
8 -0.0491205755907358 0.28984166999952
8 -0.0497240328373627 0.291638227292627
8 -0.0503226947403542 0.293410487998656
8 -0.050916575254381 0.295158922839407
8 -0.0515056892683962 0.296883988013314
8 -0.0520900538942068 0.298586129710616
8 -0.0526696883286871 0.300265784371766
8 -0.0526696883286871 0.300265784371766
8 -0.0472735503709703 0.284247635089552
8 -0.04612525948313 0.280755509557143
8 -0.0467658063257305 0.282734882686867
8 -0.0469585833689622 0.283315213130654
8 -0.0468795708104763 0.283073119681432
8 -0.0468489570087152 0.28298122420745
8 -0.0468587414030833 0.283011100909953
8 -0.0468632620629069 0.283024645227156
8 -0.046862127792997 0.283021208147962
8 -0.0468614671652569 0.28301922736001
8 -0.046861592442241 0.283019601659894
8 -0.0468616883557058 0.283019890762681
8 -0.0468616744729075 0.283019849771083
8 -0.0468616613404043 0.283019809974729
8 -0.0468616625944343 0.283019813617527
8 -0.0468616643929264 0.283019819098456
8 -0.0468616643160995 0.283019818883146
8 -0.0468616640681271 0.283019818124017
8 -0.0468616640678062 0.283019818122075
8 -0.0468616641007319 0.283019818223082
8 -0.0468616641024443 0.28301981822826
8 -0.0468616640980997 0.28301981821481
8 -0.0468616640976268 0.283019818213498
8 -0.0468616640981759 0.283019818215318
8 -0.0468616640982699 0.283019818215481
8 -0.0468616640982221 0.283019818215232
8 -0.0468616640981707 0.283019818215194
8 -0.0468616640982127 0.283019818215339
8 -0.0468616640982166 0.283019818215289
8 -0.0468616640981768 0.283019818215342
8 -0.0468616640981917 0.283019818215345
8 -0.0468616640982339 0.283019818215385
8 -0.0468616640982195 0.28301981821529
8 -0.0468616640982229 0.283019818215365
8 -0.0468616640982149 0.283019818215312
8 -0.046861664098216 0.283019818215266
8 -0.0468616640982441 0.283019818215343
8 -0.0468616640982213 0.283019818215371
8 -0.0468616640981959 0.283019818215305
8 -0.0468616640982126 0.283019818215354
9 -0.0468616640982126 0.283019818215354
9 -0.0531168862163809 0.301559783859807
9 -0.0538129491949901 0.303553944219865
9 -0.0543804031827477 0.305173971155229
9 -0.0549413722006841 0.306767929267965
9 -0.0554977065471695 0.308341367807166
9 -0.0560494611616436 0.309894742314313
9 -0.0565966662984536 0.311428427080031
9 -0.0571393529155263 0.312942787095093
9 -0.0576775529320108 0.314438179221006
9 -0.0582112991424469 0.315914952381292
9 -0.0582112991424469 0.315914952381292
9 -0.0527223729876179 0.300373106176467
9 -0.0521528279987482 0.298769546053935
9 -0.0529632605886224 0.301115668610227
9 -0.0529258649111871 0.300995468064156
9 -0.0528192574948249 0.300693280469474
9 -0.0528402219893764 0.300754108890758
9 -0.0528518804125873 0.300786723355345
9 -0.0528471346918239 0.300773319895071
9 -0.0528462842294017 0.300770926270426
9 -0.0528470691968695 0.300773134606644
9 -0.0528470566443267 0.300773106773673
9 -0.0528469548675422 0.300772817440302
9 -0.0528469720167758 0.30077286486629
9 -0.0528469827744724 0.300772896011364
9 -0.0528469790196902 0.300772885320103
9 -0.0528469781095384 0.300772882648041
9 -0.052846978740463 0.300772884475418
9 -0.0528469787762683 0.300772884577265
9 -0.0528469786846285 0.300772884311994
9 -0.0528469786930373 0.300772884337444
9 -0.0528469787044343 0.300772884369884
9 -0.0528469787015649 0.300772884361619
9 -0.0528469787003922 0.300772884358402
9 -0.0528469787010084 0.300772884360074
9 -0.0528469787010506 0.300772884360163
9 -0.0528469787009054 0.300772884359955
9 -0.0528469787009214 0.30077288435997
9 -0.0528469787010604 0.300772884360105
9 -0.0528469787010212 0.300772884360081
9 -0.0528469787009496 0.300772884360044
9 -0.0528469787009611 0.300772884360025
9 -0.0528469787009207 0.300772884359983
9 -0.0528469787009671 0.300772884360022
9 -0.0528469787009936 0.30077288435993
9 -0.0528469787009944 0.300772884360052
9 -0.0528469787009975 0.300772884360152
9 -0.0528469787009677 0.300772884360033
9 -0.0528469787009566 0.300772884360017
9 -0.0528469787010046 0.300772884359986
9 -0.0528469787010111 0.300772884360049
10 -0.0528469787010111 0.300772884360049
10 -0.0586551847920337 0.317142123953842
10 -0.0592646886685335 0.318811637469743
10 -0.0597861456211323 0.320236908738587
10 -0.0603024277592795 0.321642565613365
10 -0.0608144219157815 0.323031212417364
10 -0.0613221729275458 0.324403176608999
10 -0.0618257176895426 0.325758756570038
10 -0.0623250933436119 0.327098243877162
10 -0.062820337306172 0.328421923666919
10 -0.0633114872214176 0.329730074790502
10 -0.0633114872214176 0.329730074790502
10 -0.0578102543674277 0.314750469165438
10 -0.0578742158767949 0.315004005780248
10 -0.0586035698440653 0.316986207685118
10 -0.0583569831830806 0.316306769844811
10 -0.058336619470758 0.316257669606706
10 -0.0583778383826367 0.316367538696517
10 -0.0583666861416947 0.316337636551657
10 -0.0583648334504314 0.316332680319905
10 -0.0583669533439632 0.31633834383114
10 -0.0583664936925959 0.316337137333854
10 -0.0583663663708436 0.316336780382451
10 -0.058366466870489 0.31633705420989
10 -0.0583664518126482 0.316337014261863
10 -0.0583664433044473 0.3163369905015
10 -0.0583664479541526 0.316337003387629
10 -0.05836644766222 0.316337002530943
10 -0.0583664471112784 0.316337001034277
10 -0.0583664473311369 0.316337001639668
10 -0.0583664473361443 0.316337001648478
10 -0.0583664473034182 0.316337001561356
10 -0.0583664473138141 0.316337001589356
10 -0.0583664473148501 0.316337001591905
10 -0.058366447313066 0.316337001587173
10 -0.0583664473134973 0.316337001588405
10 -0.0583664473136154 0.316337001588645
10 -0.0583664473135097 0.316337001588394
10 -0.058366447313505 0.316337001588483
10 -0.0583664473135105 0.316337001588492
10 -0.0583664473135458 0.316337001588423
10 -0.0583664473135431 0.316337001588434
10 -0.0583664473135261 0.316337001588395
10 -0.0583664473135395 0.316337001588473
10 -0.0583664473135179 0.31633700158841
10 -0.0583664473135499 0.316337001588414
10 -0.0583664473135518 0.316337001588476
10 -0.0583664473135344 0.316337001588488
10 -0.0583664473135397 0.316337001588474
10 -0.0583664473134868 0.316337001588384
10 -0.0583664473134695 0.316337001588366
10 -0.0583664473135155 0.316337001588408
12 -0.0583664473135155 0.316337001588408
12 -0.0776608959492607 0.365805781018276
12 -0.0673994676822387 0.340435339537535
12 -0.0746025926127689 0.358746182046042
12 -0.0751774129974014 0.359934026628143
12 -0.0751236881487006 0.360057926687646
12 -0.0751236881487006 0.360057926687646
12 -0.0677072966599496 0.341038419081561
12 -0.0673896828288303 0.340543316095254
12 -0.0686261226412588 0.343537063214744
12 -0.0679269580674647 0.341828278561315
12 -0.0681797211639042 0.342446298906158
12 -0.0681209605511636 0.342304960431663
12 -0.0681228481229876 0.342307548935807
12 -0.0681293281552511 0.342324580170289
12 -0.0681252772100462 0.342314143799242
12 -0.0681267735613179 0.342318008406115
14 -0.0681267735613179 0.342318008406115
14 -0.0857820202234808 0.384952891953096
14 -0.0723187937087897 0.353545211414705
14 -0.0879299396372912 0.389414070113734
14 -0.0759797418534546 0.362844503541772
14 -0.0885050979071077 0.391296901944424
14 -0.0885050979071077 0.391296901944424
14 -0.0722014115900864 0.352684508977819
14 -0.077976191218582 0.366859116699639
14 -0.0758679659619372 0.361827798224525
14 -0.0766172677313808 0.363587258866904
14 -0.0763627727085717 0.363003437644943
14 -0.0764422079835364 0.363183235634735
14 -0.0764199898145361 0.363133235221546
14 -0.0764248376685566 0.363144422003838
14 -0.0764243786291818 0.363143195938602
14 -0.0764240685889273 0.363142585984238
16 -0.0764240685889273 0.363142585984238
16 -0.0916172177737543 0.398123108560711
16 -0.0807795742634208 0.374644523909441
16 -0.0896033421874937 0.394049456547677
16 -0.0898753340063972 0.394473873146104
16 -0.0864729557459953 0.38732341407888
16 -0.0864729557459953 0.38732341407888
16 -0.0824567498890619 0.377852911706542
16 -0.0838589514202697 0.380877436849924
16 -0.0834891915195114 0.38012840067819
16 -0.0835234062329592 0.38021089911957
16 -0.0835493655831473 0.380258379573769
16 -0.0835328252569384 0.380222619048402
16 -0.0835393955869322 0.380238642569986
16 -0.0835359191188255 0.380230371941537
16 -0.0835378378028971 0.380234612706956
16 -0.0835370339098584 0.380232875096489
18 -0.0835370339098584 0.380232875096489
18 -0.0960179191913531 0.407825787257375
18 -0.0910870182097875 0.397987373558203
18 -0.0889880546533599 0.393775924140447
18 -0.0982528432160515 0.41347144447041
18 -0.0930836174822409 0.40270068137818
18 -0.0930836174822409 0.40270068137818
18 -0.0874301736719818 0.389635203685704
18 -0.090599464416004 0.396382166774162
18 -0.0895987299229107 0.394286219715234
18 -0.0896741041140802 0.394489046124239
18 -0.0897178518168718 0.394586749313876
18 -0.0896796984545551 0.394499881059254
18 -0.0897025244223099 0.394547746658346
18 -0.0896963093052009 0.394534344884071
18 -0.0896968323996762 0.394535722931512
18 -0.0896970460459378 0.39453624522386
20 -0.0896970460459378 0.39453624522386
20 -0.0994605767889182 0.415396393370403
20 -0.10047751708516 0.417746551536848
20 -0.0939597094656329 0.404443240490237
20 -0.0991894128959919 0.415487496766901
20 -0.103839147842796 0.424985603937529
20 -0.103839147842796 0.424985603937529
20 -0.0924943245371708 0.401398698856952
20 -0.0947165143927826 0.405978487520082
20 -0.0955113352752498 0.407604404809613
20 -0.0949513358689678 0.406419619960771
20 -0.095082680283565 0.406693402239791
20 -0.0951081650068004 0.406747190119951
20 -0.0950796349934959 0.406687780612758
20 -0.0950868879285729 0.406703245096209
20 -0.0950874664836054 0.406704570005261
20 -0.0950860911269594 0.406701722395045
22 -0.0950860911269594 0.406701722395045
22 -0.102225589837217 0.421626893356072
22 -0.106536482055529 0.43046546705525
22 -0.101621903127204 0.421000526367291
22 -0.0995603731707789 0.417140275889238
22 -0.103975097297034 0.426330630955534
22 -0.103975097297034 0.426330630955534
22 -0.100007876593336 0.41784684393472
22 -0.0988811009541646 0.41533395684735
22 -0.0998425809716548 0.417223793496232
22 -0.0999310588034035 0.417377420242313
22 -0.0998190085946674 0.417139326345657
22 -0.099836734443702 0.417172007520677
22 -0.0998530746871371 0.417204140727867
22 -0.0998493932786786 0.417196262408746
22 -0.0998482098901526 0.417193737294363
22 -0.0998490273336634 0.417195372534473
24 -0.0998490273336634 0.417195372534473
24 -0.104552871834868 0.427062601351562
24 -0.1092445073806 0.436787240377632
24 -0.108391074990333 0.435478897378009
24 -0.105544186340659 0.429810787690869
24 -0.10528915661275 0.429051743680227
24 -0.10528915661275 0.429051743680227
24 -0.104037304448763 0.426274718162431
24 -0.103919459472114 0.425972898130462
24 -0.104104630941501 0.42634931230707
24 -0.104129638301707 0.426411956327873
24 -0.104099804911729 0.426357806281212
24 -0.104091477171417 0.426342011664315
24 -0.104094515245747 0.42634789151962
24 -0.104096088484823 0.426350850002628
24 -0.104095948963859 0.426350499242564
24 -0.104095771089534 0.426350129638372
26 -0.104095771089534 0.426350129638372
26 -0.106703197986082 0.432123650811515
26 -0.110555586942129 0.440118345285799
26 -0.113595515309901 0.445564663217269
26 -0.113426864399425 0.445098848788968
26 -0.110938860510472 0.44092455644427
26 -0.110938860510472 0.44092455644427
26 -0.107292478041647 0.433323774495242
26 -0.107358213971095 0.433246445204404
26 -0.107791721428848 0.434155972396972
26 -0.107942942384045 0.434482877166142
26 -0.107943294192023 0.434478256034124
26 -0.107920671651326 0.434429513146782
26 -0.107911784146526 0.434412510276375
26 -0.107912219762043 0.434414005660161
26 -0.107913813859417 0.43441712272534
26 -0.107914254897513 0.434417895656293
28 -0.107914254897513 0.434417895656293
28 -0.108916961479956 0.437174086545047
28 -0.112123788555812 0.443384277638098
28 -0.115435289823551 0.449239863611051
28 -0.115964992974433 0.450774256515898
28 -0.117466188677236 0.453333169225428
28 -0.117466188677236 0.453333169225428
28 -0.112974961106341 0.444534140318806
28 -0.111198118198666 0.441237014629589
28 -0.111065927472008 0.441017722089741
28 -0.11126653821146 0.441383823903205
28 -0.111354108884376 0.441552000822112
28 -0.111376811992111 0.441596215760478
28 -0.111378376754613 0.441598582399882
28 -0.111374617841016 0.441591572195521
28 -0.111372717210937 0.44158799871003
28 -0.111372401263435 0.44158735776696
30 -0.111372401263435 0.44158735776696
30 -0.111355775676484 0.442453578677729
30 -0.114138802746637 0.447285416135034
30 -0.114947985573621 0.449162754726509
30 -0.117026157705808 0.452896448930587
30 -0.117520490848252 0.454084465108103
30 -0.117520490848252 0.454084465108103
30 -0.11648648360535 0.451489160435137
30 -0.114990286596875 0.448889966940247
30 -0.114610799525652 0.448174910787863
30 -0.114532274877837 0.44801258979624
30 -0.11450117155441 0.447965014310419
30 -0.114518631241097 0.447993160044167
30 -0.114521081673263 0.447999188581931
30 -0.114525032567925 0.448006129863837
30 -0.114525829285409 0.448007729691278
30 -0.114526065151099 0.448008161390973
32 -0.114526065151099 0.448008161390973
32 -0.114083417775934 0.448043491533384
32 -0.116185362793907 0.451444726237111
32 -0.116228335766906 0.45198826586488
32 -0.117345201777266 0.453967136824722
32 -0.118259931137572 0.45561972035161
32 -0.118259931137572 0.45561972035161
32 -0.118106289234143 0.454969555398334
32 -0.11755745369658 0.454070018453472
32 -0.117505181394928 0.453948385652239
32 -0.117435111065713 0.453826565046946
32 -0.117426888400623 0.453810270690069
32 -0.117419964046836 0.453797688491288
32 -0.117419094576959 0.453796021226454
32 -0.11741865959582 0.453795276858865
32 -0.117418589465513 0.453795128161052
32 -0.117418619871093 0.453795186704349
34 -0.117418619871093 0.453795186704349
34 -0.117058747257756 0.453867454637564
34 -0.118343815373827 0.456010081341312
34 -0.119808078214978 0.458628025327384
34 -0.119960927604032 0.459196389438449
34 -0.121421506202811 0.461868657483967
34 -0.121421506202811 0.461868657483967
34 -0.121222624883176 0.460913856183755
34 -0.120327938332269 0.459518474775003
34 -0.12019739343525 0.459238693417176
34 -0.12014413081512 0.459143758714075
34 -0.120095515237065 0.459060808219209
34 -0.120094633544098 0.459056642714074
34 -0.120088055212578 0.459045433964764
34 -0.12008681664996 0.459043235320872
34 -0.12008645510033 0.459042462756708
34 -0.120086108464244 0.459041905338797
36 -0.120086108464244 0.459041905338797
36 -0.120163789341947 0.459743966747157
36 -0.121118448209111 0.461529100863078
36 -0.123367833035551 0.465419398828228
36 -0.12537035086999 0.468888945724596
36 -0.126184035536877 0.470507467773597
36 -0.126184035536877 0.470507467773597
36 -0.124245375132209 0.466799324292624
36 -0.12328223817728 0.465075231811509
36 -0.12274691730203 0.464161335396255
36 -0.122601164685844 0.463904929479504
36 -0.122575006157188 0.463852320444299
36 -0.122559175226267 0.463825578801569
36 -0.122555910656249 0.463820325776921
36 -0.122556792743854 0.463821567984692
36 -0.122557159008237 0.463822237414342
36 -0.12255728147758 0.463822483951772
38 -0.12255728147758 0.463822483951772
38 -0.123246927127364 0.465444884879423
38 -0.124708863826693 0.468170224982807
38 -0.126626415814546 0.471549826678752
38 -0.128387607317325 0.474611105143716
38 -0.12874678875262 0.475185254769618
38 -0.12874678875262 0.475185254769618
38 -0.126189829164567 0.470454820138395
38 -0.125115566447858 0.468631511643288
38 -0.124807647173071 0.468113510383058
38 -0.124784001503475 0.468073898048684
38 -0.124825593444638 0.468145936445393
38 -0.124848139080407 0.468183980132078
38 -0.124855580324905 0.468196977550021
38 -0.124857251783343 0.468200193310996
38 -0.12485748701448 0.468200585414905
38 -0.124857447346628 0.468200498851556
40 -0.124857447346628 0.468200498851556
40 -0.126174557259097 0.470770232267623
40 -0.12855645144641 0.475022929400884
40 -0.130092108103278 0.477648586257161
40 -0.129803743994695 0.477214374499429
40 -0.128417688015941 0.474957253093848
40 -0.128417688015941 0.474957253093848
40 -0.126887496052621 0.472114792904602
40 -0.126731127885247 0.471749956613766
40 -0.126889498243853 0.472017810625796
40 -0.126985672946021 0.472187905987387
40 -0.127011251860679 0.472233040229383
40 -0.127011465743633 0.472234418090585
40 -0.127007755342995 0.47222863493766
40 -0.127005830406693 0.472225303100776
40 -0.127005350680373 0.472224404210653
40 -0.127005401438772 0.472224472525793
42 -0.127005401438772 0.472224472525793
42 -0.128856265154889 0.475589902250297
42 -0.131759835452206 0.480631303074361
42 -0.132501615933915 0.48191249693315
42 -0.130725500360969 0.478971516055036
42 -0.129658044675108 0.477164059755122
42 -0.129658044675108 0.477164059755122
42 -0.129087711642484 0.476051027123506
42 -0.128907017365462 0.475745981861422
42 -0.128966538193992 0.475850327624711
42 -0.129014250362297 0.475931314378069
42 -0.129023163367043 0.475946226822478
42 -0.129021600855317 0.475942791293629
42 -0.129019477688886 0.475939254660429
42 -0.129019015824877 0.475938560397968
42 -0.129019146169171 0.475938783577852
42 -0.129019220430392 0.475938911693749
44 -0.129019220430392 0.475938911693749
44 -0.131258537307345 0.479868901769586
44 -0.133854530763679 0.484322323314602
44 -0.132888339029587 0.482806100284972
44 -0.130693714840509 0.479258620299569
44 -0.131641482214928 0.48092401908111
44 -0.131641482214928 0.48092401908111
44 -0.131305319025461 0.480131611849367
44 -0.130710472986804 0.47905996915427
44 -0.13076245056138 0.4791304960203
44 -0.130898073177358 0.479353135392537
44 -0.13092616752448 0.479400628865353
44 -0.130916370729948 0.47938479882667
44 -0.130911872138015 0.479377297156734
44 -0.130912285803437 0.479377995286876
44 -0.130912848277213 0.479378952746278
44 -0.130912841699671 0.479378939403256
46 -0.130912841699671 0.479378939403256
46 -0.133395489093998 0.48364779018278
46 -0.13510063266108 0.486585637212588
46 -0.132800585964122 0.482873418477164
46 -0.132448482229573 0.482275251555875
46 -0.135550524022532 0.487363993700985
46 -0.135550524022532 0.487363993700985
46 -0.133192875100993 0.483411391341712
46 -0.132314086733431 0.481930618083125
46 -0.132647080644769 0.482487586597934
46 -0.132760155863201 0.482677180869679
46 -0.132708276830753 0.48259136906471
46 -0.132689842142571 0.482560687484367
46 -0.132696420377744 0.482571588298418
46 -0.132699165668773 0.482576111034874
46 -0.13269843512878 0.482574879300224
46 -0.132698100032726 0.482574325216269
48 -0.132698100032726 0.482574325216269
48 -0.135315667180982 0.487016105320255
48 -0.136080323334372 0.488380499497258
48 -0.133832650492271 0.484745902942681
48 -0.135750089141759 0.487881758830091
48 -0.137301837644108 0.490482626158626
48 -0.137301837644108 0.490482626158626
48 -0.133906980083391 0.48482581841815
48 -0.13403768860296 0.484986621546114
48 -0.134535598945622 0.48579863330017
48 -0.13442245809442 0.485614111485167
48 -0.134360134436953 0.48551081308563
48 -0.134384337941412 0.485549406473327
48 -0.134390106766246 0.485558630628315
48 -0.134386169847608 0.485552181186852
48 -0.134385877031556 0.485551720190755
48 -0.134386379921133 0.485552538051944
50 -0.134386379921133 0.485552538051944
50 -0.137079273900264 0.490075912511637
50 -0.137164593370806 0.490321228799755
50 -0.13566807617089 0.487958212025981
50 -0.138025062608992 0.491818838178757
50 -0.137540645426007 0.491024448014851
50 -0.137540645426007 0.491024448014851
50 -0.135402613186183 0.487383717375334
50 -0.135983798298686 0.488319909627523
50 -0.13607734341198 0.48847951876896
50 -0.135954793615868 0.488282145505886
50 -0.13598365942404 0.488330079842758
50 -0.13599131320881 0.48834343989325
50 -0.135984385427633 0.488332173734197
50 -0.13598576994452 0.48833431468646
50 -0.135986393927342 0.488335320766575
50 -0.135985981061872 0.488334648729059
52 -0.135985981061872 0.488334648729059
52 -0.138736865216032 0.492912382607616
52 -0.138339408880266 0.492377629113265
52 -0.137422335703041 0.490940623006131
52 -0.139771178686641 0.494625210346569
52 -0.138191300050244 0.492134798438406
52 -0.138191300050244 0.492134798438406
52 -0.137103808186708 0.490318942466497
52 -0.137573365879152 0.491051341760844
52 -0.137519498671148 0.490960696910498
52 -0.137488492698196 0.490912973177344
52 -0.137511225063415 0.490950395291448
52 -0.13750532958449 0.490941061246762
52 -0.137504768131019 0.490939978097688
52 -0.137505649115786 0.490941399726057
52 -0.137505274112528 0.490940803387971
52 -0.137505313488759 0.490940876762657
54 -0.137505313488759 0.490940876762657
54 -0.140318731075964 0.495579668396629
54 -0.139372825085872 0.494154555508928
54 -0.13924802786814 0.493885992236875
54 -0.141171218641387 0.496955480054672
54 -0.139051098634301 0.493721368795823
54 -0.139051098634301 0.493721368795823
54 -0.139093479296203 0.49360183855947
54 -0.138811014394935 0.493148628746668
54 -0.139014264037383 0.493489288655325
54 -0.138931783193259 0.493359485340027
54 -0.138954332272494 0.493392477066193
54 -0.138951808006105 0.493388593679622
54 -0.138949996519192 0.493386145234415
54 -0.13895166285098 0.493388714681804
54 -0.138950860842851 0.493387399456645
54 -0.138951133384411 0.493387836632738
56 -0.138951133384411 0.493387836632738
56 -0.141833173572396 0.498097062006306
56 -0.140148045859754 0.49545226346276
56 -0.141553134168435 0.49760626220717
56 -0.141204784058052 0.49721863594272
56 -0.141684098579381 0.497880239109271
56 -0.141684098579381 0.497880239109271
56 -0.140020282149436 0.495196662811415
56 -0.140292123069944 0.495635386190097
56 -0.140381521752039 0.495775162049014
56 -0.140294358941252 0.495634134786563
56 -0.140344048696639 0.495713350321114
56 -0.140323929001088 0.495681604362975
56 -0.140330834359361 0.495692335059827
56 -0.140329068528489 0.495689605090576
56 -0.140329332945503 0.495690012429333
56 -0.140329411852029 0.495690129693811
58 -0.140329411852029 0.495690129693811
58 -0.143273604695015 0.50045816966272
58 -0.140813290875681 0.496540924699011
58 -0.143819558241524 0.501333346676218
58 -0.141266267062634 0.497330332970876
58 -0.14392702297406 0.501512392202665
58 -0.14392702297406 0.501512392202665
58 -0.14088280009953 0.496654983893089
58 -0.141866606154057 0.498206314104157
58 -0.141581538253244 0.497763266460228
58 -0.141664580430467 0.497888283897767
58 -0.14164261361409 0.49785678177696
58 -0.141645609240793 0.497860547927053
58 -0.141646224235553 0.497861868500883
58 -0.141645026905956 0.497859948553655
58 -0.141645796517347 0.497861148199162
58 -0.14164540253756 0.497860542016179
60 -0.14164540253756 0.497860542016179
60 -0.144625302061808 0.502641814661766
60 -0.141679478771629 0.497963007180363
60 -0.145163373071571 0.503517869548254
60 -0.142859732544229 0.499874475805464
60 -0.14483290403747 0.502949106858986
60 -0.14483290403747 0.502949106858986
60 -0.142026788109325 0.498511882010167
60 -0.143322098187707 0.500576318607407
60 -0.1427397161435 0.499648998821047
60 -0.142956670688138 0.49999430744805
60 -0.1428896300733 0.49988804610841
60 -0.142909199425572 0.499918976949746
60 -0.142902067533158 0.499907616521337
60 -0.142905424958657 0.499912968272914
60 -0.142903961901136 0.499910630102807
60 -0.142904482173216 0.499911461262234
62 -0.142904482173216 0.499911461262234
62 -0.145870510093847 0.504622471382388
62 -0.142980798612583 0.500098321832969
62 -0.145587725613397 0.504108934759179
62 -0.144856883683693 0.503119430996484
62 -0.14551311561289 0.504034922688336
62 -0.14551311561289 0.504034922688336
62 -0.143494590735792 0.500888482832306
62 -0.144316890317603 0.50217432225733
62 -0.144068774634028 0.501787571971622
62 -0.144118122661705 0.501864141387917
62 -0.144106322324212 0.501846102200529
62 -0.14411079199561 0.501852860362686
62 -0.144110473126898 0.50185239959633
62 -0.144109800488289 0.501851301750333
62 -0.144110175306708 0.501851913040576
62 -0.14411003627652 0.501851692973074
64 -0.14411003627652 0.501851692973074
64 -0.1469956595459 0.506383525019791
64 -0.144691865620837 0.502874858269073
64 -0.145880584111091 0.504533818603717
64 -0.14635078995997 0.505358916311425
64 -0.145581557963114 0.504298128673891
64 -0.145581557963114 0.504298128673891
64 -0.145105657418138 0.503410006336443
64 -0.145362754557456 0.503837875951267
64 -0.14528627998601 0.50373105754992
64 -0.145252408756036 0.503667223583838
64 -0.14526864685384 0.503694126284239
64 -0.145264016099162 0.50368772023124
64 -0.14526752147262 0.50369272239046
64 -0.145266386658624 0.503691108625219
64 -0.145266569603056 0.503691356643639
64 -0.145266448241447 0.503691157323395
66 -0.145266448241447 0.503691157323395
66 -0.147993247005923 0.507920527869385
66 -0.146568468151522 0.505849501879273
66 -0.146551954637234 0.50571992302948
66 -0.147970151145505 0.507774364767508
66 -0.146410175399052 0.505476233560388
66 -0.146410175399052 0.505476233560388
66 -0.145930276540515 0.504754736017259
66 -0.146427228938508 0.505498708429805
66 -0.146371390333588 0.505430588485597
66 -0.146385369553898 0.505453451840966
66 -0.146383909377882 0.505448708641104
66 -0.146375912627368 0.505435994966331
66 -0.14637757332417 0.505438588259845
66 -0.146376691009964 0.505437259644563
66 -0.146376932518781 0.50543760079462
66 -0.146376993381382 0.50543770339968
68 -0.146376993381382 0.50543770339968
68 -0.14886738088432 0.509248233558398
68 -0.148312917290854 0.508512592952928
68 -0.147398356999561 0.507191547229523
68 -0.149441427731987 0.510183148927864
68 -0.148461710856766 0.508691655984184
68 -0.148461710856766 0.508691655984184
68 -0.146812372777997 0.506132650374731
68 -0.147549927326532 0.507237561854524
68 -0.147440190606074 0.507088814948848
68 -0.14742229970479 0.507066019837983
68 -0.147454404157863 0.507113570506397
68 -0.147442133299165 0.507094502907897
68 -0.147444581597416 0.507098174129083
68 -0.147445081396981 0.507099004490535
68 -0.147444503687777 0.507098170294085
68 -0.147444733696097 0.507098509139649
70 -0.147444733696097 0.507098509139649
70 -0.149633045437736 0.510397852711968
70 -0.149726722720163 0.510576425251937
70 -0.148163502568059 0.508324926258575
70 -0.149793015193422 0.510730407189026
70 -0.149987314564346 0.51101226125693
70 -0.149987314564346 0.51101226125693
70 -0.147716202148172 0.507574629425189
70 -0.148405906877441 0.508576266194168
70 -0.14853853446769 0.508767889187019
70 -0.148425518812727 0.508606001604292
70 -0.148473228367604 0.508679460872825
70 -0.148474405210471 0.508682605480604
70 -0.14847011256419 0.508676524647556
70 -0.148472493366894 0.508680105280954
70 -0.148472395528216 0.508679940943376
70 -0.148472196236025 0.508679639171952
72 -0.148472196236025 0.508679639171952
72 -0.150314014646222 0.511412690186016
72 -0.150793109215114 0.512086422422934
72 -0.149032269466786 0.509485719135683
72 -0.149665491166449 0.510405834363762
72 -0.15110173662198 0.512521904058513
72 -0.15110173662198 0.512521904058513
72 -0.149004269181688 0.509501731798701
72 -0.149252814635748 0.509881175923689
72 -0.149573852235924 0.510354476317883
72 -0.149466125593882 0.51019508197525
72 -0.149453099310559 0.51017486401009
72 -0.149467909647357 0.510196044379193
72 -0.149463125173841 0.510188808218595
72 -0.149461726318631 0.510186686986701
72 -0.149462534035918 0.510187866246318
72 -0.149462451929153 0.510187746966646
74 -0.149462451929153 0.510187746966646
74 -0.150938674642524 0.512341178209604
74 -0.15164567693406 0.513314241494328
74 -0.150331896668388 0.51141240924238
74 -0.150305262821166 0.511488327398376
74 -0.151937386407298 0.513955355561242
74 -0.151937386407298 0.513955355561242
74 -0.150528041861757 0.511840799587367
74 -0.150195660611053 0.511330314985819
74 -0.150455881781388 0.51169358954671
74 -0.15044831204073 0.511675303575049
74 -0.150407966789593 0.511614497158023
74 -0.150414655706799 0.511623650938132
74 -0.150418785275978 0.511629581480872
74 -0.150417376033924 0.511627506163239
74 -0.150417110846845 0.511627102162902
74 -0.150417330799624 0.511627418661538
76 -0.150417330799624 0.511627418661538
76 -0.151535732072758 0.513229945768446
76 -0.152443940700895 0.514527223454615
76 -0.151980330983818 0.513986782755877
76 -0.151485184988662 0.513357567659966
76 -0.151899801370435 0.513849830094204
76 -0.151899801370435 0.513849830094204
76 -0.151473811986322 0.513191202769006
76 -0.151245404413295 0.512870797063378
76 -0.151325623948019 0.512984546479101
76 -0.151355107774667 0.513024108795678
76 -0.151339936402586 0.513003436856231
76 -0.151336146609067 0.512999269610185
76 -0.151338984965 0.513003638243349
76 -0.151339533082386 0.513004334247432
76 -0.151339066263402 0.513003606708846
76 -0.151338986207051 0.513003485263847
78 -0.151338986207051 0.513003485263847
78 -0.152128800357585 0.514115445788512
78 -0.153264566353191 0.515812283437298
78 -0.153509158157591 0.516290737814941
78 -0.152490268893916 0.514675419105378
78 -0.152209144685762 0.514210190462386
78 -0.152209144685762 0.514210190462386
78 -0.152374397054679 0.5145733941202
78 -0.152234656329224 0.514345309567271
78 -0.15219629354789 0.514265133999525
78 -0.152229472763271 0.514318437337535
78 -0.152235403300485 0.514330199865677
78 -0.152229523620019 0.514320809920585
78 -0.152228745616218 0.514319333840247
78 -0.152229633644457 0.514320712790244
78 -0.152229711790235 0.514320834030665
78 -0.152229592995174 0.514320648163386
80 -0.152229592995174 0.514320648163386
80 -0.152735914193736 0.515023120493525
80 -0.154082585222993 0.51707210977051
80 -0.154574148829227 0.517730322509789
80 -0.153615233741585 0.516246380671344
80 -0.153479571800338 0.516282190664803
80 -0.153479571800338 0.516282190664803
80 -0.153056917435398 0.515565685185717
80 -0.152986294653363 0.515408960899152
80 -0.153076645146313 0.515560466868936
80 -0.153106370929256 0.515609355269736
80 -0.153093868706728 0.515586760742133
80 -0.153089631182846 0.515580493275691
80 -0.153090169891145 0.515581867168657
80 -0.153090602545739 0.515582445551541
80 -0.153090771760634 0.515582642094022
80 -0.153090732465976 0.515582591336853
82 -0.153090732465976 0.515582591336853
82 -0.153367716108485 0.51596527275782
82 -0.154816102387563 0.518144836202278
82 -0.155212959292135 0.518541969362842
82 -0.155140519404887 0.518597199437418
82 -0.154734897547074 0.517949929808117
82 -0.154734897547074 0.517949929808117
82 -0.153873453024912 0.516708191097935
82 -0.153758734962806 0.516561859811433
82 -0.15385986893346 0.516701330515769
82 -0.153933636397891 0.516806627547898
82 -0.153931299001788 0.516802481451691
82 -0.153927091685554 0.516797591250082
82 -0.153923754332304 0.51679246111856
82 -0.153923485057238 0.516792127908059
82 -0.153923875906672 0.516792723746896
82 -0.153923966414596 0.516792820621837
84 -0.153923966414596 0.516792820621837
84 -0.154028576357273 0.516943571606033
84 -0.155391763454034 0.518934173956687
84 -0.155685807108101 0.519251813750947
84 -0.156334645168727 0.520298789129156
84 -0.155886544748722 0.51950182885084
84 -0.155886544748722 0.51950182885084
84 -0.155101664541519 0.518524032556224
84 -0.154553354408224 0.517678526974506
84 -0.15466594643914 0.517874118187868
84 -0.154701276502024 0.51790871892056
84 -0.15473322289252 0.517959433775617
84 -0.154733835604496 0.517958639011042
84 -0.15473249227028 0.517957061903328
84 -0.154731154669595 0.517955172667498
84 -0.154730801061443 0.517954631863134
84 -0.15473084127832 0.517954715047396
86 -0.15473084127832 0.517954715047396
86 -0.154717685654045 0.517951992810263
86 -0.155803400142128 0.519477620247927
86 -0.156157658686552 0.520018058161786
86 -0.156705600845721 0.52068174383387
86 -0.156982182580087 0.521213214050469
86 -0.156982182580087 0.521213214050469
86 -0.156015954567755 0.519746191053487
86 -0.155521715299168 0.519098717229149
86 -0.155465964034965 0.518999139767492
86 -0.155481377887613 0.519029825182272
86 -0.155501711073887 0.519054849302407
86 -0.155511174599554 0.519069468948665
86 -0.155513183241758 0.519071715322436
86 -0.155513424051933 0.51907225775733
86 -0.155513083303794 0.519071707576458
86 -0.155512957425346 0.519071559018821
88 -0.155512957425346 0.519071559018821
88 -0.155431687839969 0.518981934653076
88 -0.156130008815303 0.519926472999684
88 -0.156630989033878 0.520702604727077
88 -0.156814268085152 0.520866202842748
88 -0.157458529589929 0.521804368364051
88 -0.157458529589929 0.521804368364051
88 -0.156847484797408 0.520962126983334
88 -0.156397195430097 0.520313974562459
88 -0.156298395557657 0.52018447200967
88 -0.15626600753811 0.520138432145247
88 -0.156263908659929 0.5201353061001
88 -0.156268108061771 0.5201412655476
88 -0.156269742943957 0.520143518234243
88 -0.156270897777493 0.520145155248889
88 -0.156271153613788 0.520145509499929
88 -0.156271221586635 0.520145596352151
90 -0.156271221586635 0.520145596352151
90 -0.156164889362275 0.520023537857843
90 -0.156496250194357 0.520458231819435
90 -0.157081977972238 0.521287747081034
90 -0.157245873652458 0.521541319419114
90 -0.157452533512501 0.521781941586852
90 -0.157452533512501 0.521781941586852
90 -0.157462675978079 0.521805053131205
90 -0.1571418594766 0.521374974153813
90 -0.157037141916917 0.52121793430004
90 -0.15702500163288 0.521205106735821
90 -0.157008609708858 0.521182326237919
90 -0.157006226597407 0.521178237516239
90 -0.157007016884091 0.521179776083434
90 -0.157006728571 0.521179278019378
90 -0.157006902029661 0.521179486964422
90 -0.15700699934442 0.521179655362907
92 -0.15700699934442 0.521179655362907
92 -0.156911184001547 0.521068835009706
92 -0.157007847743462 0.521191320564592
92 -0.15752877230805 0.521903507771831
92 -0.157834067900767 0.522352071780645
92 -0.157784416915593 0.522264848771188
92 -0.157784416915593 0.522264848771188
92 -0.157873972285122 0.522380538986047
92 -0.157836886084816 0.522336291203613
92 -0.157741170152167 0.522204521758839
92 -0.157723834396453 0.522178877591703
92 -0.157725890701568 0.522182134350212
92 -0.157722883034927 0.522178186731319
92 -0.157721481697853 0.522176132424478
92 -0.157721522967236 0.522176189870011
92 -0.157721512498275 0.522176195128774
92 -0.157721459955057 0.522176119869696
94 -0.157721459955057 0.522176119869696
94 -0.157664838153533 0.522112699788708
94 -0.157705774667377 0.52215396706784
94 -0.158051148966023 0.522649110805126
94 -0.158377096846434 0.523120754559632
94 -0.158684352349727 0.523508609196542
94 -0.158684352349727 0.523508609196542
94 -0.158568765688713 0.523336255013752
94 -0.158478933668436 0.523221597036897
94 -0.158433943007801 0.523163915973859
94 -0.158421885461243 0.523145662161392
94 -0.158417688271509 0.523139984334289
94 -0.158416430076753 0.523138228758157
94 -0.15841593146493 0.523137600686593
94 -0.158415645019599 0.52313720410206
94 -0.158415559483809 0.523137080726219
94 -0.158415552508653 0.523137071559172
96 -0.158415552508653 0.523137071559172
96 -0.158419969991879 0.523151202824501
96 -0.158558463772296 0.523303103034429
96 -0.158766650162308 0.523606949408583
96 -0.159095998165991 0.524084749733122
96 -0.159575988309608 0.524784031051912
96 -0.159575988309608 0.524784031051912
96 -0.159404213405386 0.524516452267037
96 -0.159241351358079 0.524276168492707
96 -0.159141643881191 0.524131019526545
96 -0.159106005490827 0.52408338562107
96 -0.159094489814333 0.52406988784232
96 -0.159092199794899 0.524067355541934
96 -0.159091198381369 0.524066011902156
96 -0.159090569859115 0.524064991762028
96 -0.159090317311957 0.524064604333417
96 -0.159090225571509 0.524064477188489
98 -0.159090225571509 0.524064477188489
98 -0.159171113069194 0.524181058032766
98 -0.159487545547416 0.524560397115607
98 -0.159734506090877 0.524883232130296
98 -0.160158193488619 0.525431588259001
98 -0.160462359853527 0.525856779970432
98 -0.160462359853527 0.525856779970432
98 -0.160153040263914 0.525493313214411
98 -0.159905594663999 0.525189622364425
98 -0.159817668527181 0.525065189095184
98 -0.15976973765876 0.524995777457487
98 -0.159752766393528 0.524969458898901
98 -0.159747175938944 0.524961228750028
98 -0.159746078102564 0.52495959692441
98 -0.159746081586742 0.524959731634268
98 -0.159746211847079 0.524959966407881
98 -0.15974630939731 0.524960128452824
100 -0.15974630939731 0.524960128452824
100 -0.159913114298059 0.525198208005005
100 -0.160406382419618 0.525835872587624
100 -0.160852589762137 0.526435794933654
100 -0.161305229769382 0.527039424979736
100 -0.161586148808314 0.527423214851512
100 -0.161586148808314 0.527423214851512
100 -0.160828874604962 0.526406120732624
100 -0.160498253106715 0.525972752169894
100 -0.160401233947034 0.525846377877836
100 -0.160379883251602 0.525819078672902
100 -0.160379537109649 0.525819041923995
100 -0.160381957818281 0.525822254190937
100 -0.160383639761956 0.525824460774814
100 -0.16038447598602 0.525825529099917
100 -0.160384746234264 0.52582587290806
100 -0.160384832754309 0.525825976912939
