# Fix print output for fix Bdxdl
1 1.33226762955019e-15 0.00959368719085524
1 3.58258761168351e-06 0.0095977647613091
1 7.12578689809895e-06 0.00960100489318722
1 1.06121570584428e-05 0.00960417934469132
1 1.40376066943837e-05 0.0096073994399754
1 1.73996460641757e-05 0.00961070712144932
1 2.06966536497877e-05 0.00961412269639429
1 2.39276414715217e-05 0.00961765727891968
1 2.70921164970961e-05 0.0096213173633969
1 3.01899775128067e-05 0.00962510686430867
1 3.32214332785519e-05 0.00962902814823369
1 3.32214332785519e-05 0.00962902814823369
1 0.000127253545246786 0.00967858605314581
1 0.000205534997895551 0.00976647923093263
1 0.000183107403305849 0.00985282413034935
1 0.000150664979717163 0.0099342690741877
1 0.000153711440124216 0.0100115933639941
1 0.00016599131871442 0.0100855626858174
1 0.000166649628599025 0.0101562909547653
1 0.000162091757147653 0.0102239762437662
1 0.000160998410051461 0.0102894086088562
1 0.000162364971982631 0.0103533736928859
1 0.00016284050004578 0.0104158861833704
1 0.000162272175658007 0.010476976335472
1 0.000161867957602091 0.010536855898561
1 0.000161871945635994 0.0105957694988814
1 0.000161877605930449 0.0106538811451716
1 0.000161731147491073 0.010711305815365
1 0.000161557615589336 0.0107681281889011
1 0.000161432879561607 0.0108244121771588
1 0.000161322638047912 0.0108802160308534
1 0.000161193527477899 0.0109355817734716
1 0.000161052861924471 0.0109905420296666
1 0.000160914017704794 0.0110451238422798
1 0.000160776400516704 0.0110993507740651
1 0.000160635002612208 0.0111532423767141
1 0.000160489279151355 0.0112068150226952
1 0.000160341023369037 0.0112600825194593
1 0.000160190760499113 0.0113130566673814
1 0.000160037961508985 0.0113657478743061
1 0.000159882403031997 0.0114181654090895
1 0.000159724299849451 0.0114703175794551
1 0.00015956382331006 0.0115222119379822
1 0.000159400976745827 0.0115738554429654
1 0.000159235752651865 0.0116252545603692
1 0.000159068202426393 0.0116764153421618
1 0.000158898389235995 0.0117273434919479
1 0.000158726354670957 0.0117780444161365
1 0.000158552130820278 0.0118285232668436
1 0.000158375754268247 0.0118787849744778
1 0.000158197263803173 0.0119288342722483
1 0.000158016694898899 0.0119786757162454
1 0.000157834079756558 0.0120283137018875
1 0.000157649449284758 0.012077752477016
1 0.000157462833541011 0.0121269961526541
1 0.000157274261075147 0.0121760487118675
1 0.000157083758744347 0.0122249140172119
1 0.00015689135198671 0.0122735958171562
1 0.000156697065050615 0.0123220977514812
1 0.000156500920938774 0.012370423356133
1 0.000156302941421771 0.0124185760674048
1 0.000156103147150866 0.012466559225722
1 0.000155901557699067 0.0125143760791153
1 0.000155698191619758 0.012562029786356
1 0.000155493066495316 0.0126095234199
1 0.000155286199030158 0.012656859968601
1 0.000155077604999887 0.0127040423402726
1 0.000154867299457129 0.0127510733641641
1 0.000154655296594752 0.0127979557932574
1 0.00015444160993705 0.012844692306467
1 0.00015422625229311 0.0128912855107448
1 0.00015400923584985 0.0129377379432135
1 0.000153790572146928 0.0129840520730091
1 0.000153570272213743 0.0130302303032993
1 0.000153348346470628 0.0130762749730441
1 0.000153124804880944 0.0131221883588146
1 0.000152899656886696 0.0131679726764757
1 0.000152672911520213 0.013213630082957
1 0.000152444577392163 0.0132591626777321
1 0.000152214662659134 0.0133045725045112
1 0.000151983175189718 0.0133498615527228
1 0.000151750122426852 0.0133950317590418
1 0.000151515511545242 0.0134400850087572
1 0.000151279349403843 0.0134850231372643
1 0.000151041642538097 0.0135298479313949
1 0.000150802397237415 0.0135745611307129
1 0.000150561619572498 0.0136191644288634
1 0.000150319315337821 0.0136636594748076
1 0.00015007549010404 0.0137080478739822
1 0.000149830149262842 0.0137523311896301
1 0.000149583298056921 0.0137965109438069
1 0.000149334941466517 0.0138405886185879
1 0.000149085084363509 0.0138845656571234
1 0.00014883373145369 0.0139284434647309
1 0.000148580887315175 0.013972223409914
1 0.000148326556381528 0.0140159068253608
1 0.000148070742966633 0.0140594950089467
1 0.000147813451303991 0.01410298922461
1 0.000147554685474782 0.0141463907033972
1 0.000147294449491353 0.0141897006443102
1 0.000147032747307652 0.0142329202150704
1 0.000146769582759054 0.0142760505531864
2 0.000146769582759054 0.0142760505531864
2 0.000146690971182695 0.014280982654502
2 0.000146643758852205 0.0142846513234926
2 0.000146599589365914 0.0142882542354086
2 0.000146555870992771 0.0142919026740391
2 0.000146511724447906 0.0142956385656707
2 0.000146466732468653 0.0142994822071658
2 0.000146420659618007 0.0143034447040507
2 0.000146373361365137 0.0143075325436947
2 0.000146324744303872 0.0143117496342275
2 0.000146274745845609 0.0143160983363344
2 0.000146274745845609 0.0143160983363344
2 0.000145704931237445 0.01438170088619
2 0.000144632685881385 0.0145025185263454
2 0.000143541876133302 0.0146278846967033
2 0.000142476650797585 0.0147506696474781
2 0.000141433693837456 0.0148700888495637
2 0.000140413952934626 0.0149864413713957
2 0.000139423690866947 0.0150996713828468
2 0.000138458140252595 0.0152098048550304
2 0.000137508893691018 0.0153175761147361
2 0.000136566911484337 0.0154237905823517
2 0.000135632792188867 0.0155284837896695
2 0.00013470717462627 0.0156316804013422
2 0.000133786953165682 0.0157335890021007
2 0.000132868653745621 0.015834453958199
2 0.000131950358439159 0.0159344418765567
2 0.000131030661999931 0.0160336695323987
2 0.00013010840304295 0.0161322213221757
2 0.00012918277660634 0.0162301611317814
2 0.000128253106146392 0.0163275481189404
2 0.000127318967350076 0.0164244253865475
2 0.000126380045344154 0.0165208261903281
2 0.000125436079714936 0.016616778138322
2 0.000124486879336638 0.0167123053891917
2 0.000123532310759789 0.0168074281078991
2 0.000122572278119959 0.0169021632572395
2 0.000121606719699408 0.0169965252018583
2 0.000120635601636776 0.0170905262838719
2 0.000119658906961639 0.0171841774466509
2 0.000118676631268855 0.0172774884857228
2 0.000117688780351344 0.0173704682186532
2 0.000116695366885411 0.0174631246946881
2 0.000115696408317101 0.0175554653572261
2 0.000114691925214627 0.0176474971458718
2 0.00011368194028738 0.0177392265747094
2 0.000112666477399603 0.0178306597983257
2 0.000111645560975537 0.0179218026634378
2 0.000110619215419439 0.0180126607519371
2 0.000109587464806937 0.0181032394138118
2 0.000108550332583057 0.0181935437919278
2 0.000107507841438093 0.0182835788423544
2 0.000106460013177045 0.0183733493509895
2 0.000105406868640801 0.0184628599470348
2 0.000104348427712786 0.0185521151138986
2 0.000103284709265239 0.0186411191983375
2 0.000102215731192956 0.0187298764181592
2 0.000101141510461256 0.0188183908687519
2 0.000100062063100648 0.0189066665288858
2 9.8977404277667e-05 0.0189947072656485
2 9.78875483585995e-05 0.0190825168388301
2 9.67925088994903e-05 0.0191700989050307
2 9.56922987316311e-05 0.0192574570212302
2 9.45869300328361e-05 0.019344594648135
2 9.34764143327715e-05 0.0194315151533485
2 9.23607625911149e-05 0.0195182218142107
2 9.12399852222023e-05 0.0196047178205993
2 9.01140921967247e-05 0.0196910062775362
2 8.89830929851065e-05 0.0197770902076945
2 8.78469966951734e-05 0.0198629725537162
2 8.67058120526121e-05 0.0199486561805409
2 8.55595474684723e-05 0.020034143877593
2 8.44082110478261e-05 0.0201194383609297
2 8.32518106570479e-05 0.0202045422752748
2 8.20903539451301e-05 0.0202894581959307
2 8.09238483312491e-05 0.0203741886308437
2 7.97523010998002e-05 0.0204587360223671
2 7.85757193788594e-05 0.020543102749039
2 7.73941101888109e-05 0.0206272911274671
2 7.62074804485646e-05 0.0207113034138513
2 7.50158370026455e-05 0.0207951418058256
2 7.38191866478388e-05 0.020878808443916
2 7.26175361511761e-05 0.0209623054131981
2 7.14108922514889e-05 0.0210456347447424
2 7.01992617060387e-05 0.0211287984171613
2 6.89826512738634e-05 0.0212117983579503
2 6.7761067735983e-05 0.0212946364450426
2 6.65345179355903e-05 0.021377314507953
2 6.53030087494066e-05 0.0214598343292854
2 6.40665471307589e-05 0.0215421976459011
2 6.28251401240121e-05 0.0216244061502137
2 6.15787948272661e-05 0.0217064614914016
2 6.03275184367646e-05 0.0217883652765781
2 5.90713182682112e-05 0.0218701190719252
2 5.78102017219084e-05 0.0219517244038487
2 5.65441763247243e-05 0.0220331827600346
2 5.52732497431929e-05 0.0221144955904958
2 5.39974297382173e-05 0.0221956643086294
2 5.27167242199145e-05 0.0222766902922291
2 5.14311412243007e-05 0.0223575748843608
2 5.01406889219513e-05 0.022438319394464
2 4.88453756180007e-05 0.0225189250991016
3 4.88453756180007e-05 0.0225189250991016
3 4.8677435363631e-05 0.0225245913833585
3 4.85726418399945e-05 0.0225286262264993
3 4.84734171728451e-05 0.0225325955391697
3 4.83748672333029e-05 0.0225366103052848
3 4.8275259474595e-05 0.0225407123376404
3 4.81737661297554e-05 0.0225449218767887
3 4.80699269973517e-05 0.0225492499970544
3 4.79634643233418e-05 0.0225537031666931
3 4.78542019595185e-05 0.0225582852817577
3 4.77420245537097e-05 0.0225629986950675
3 4.77420245537097e-05 0.0225629986950675
3 4.62066172590703e-05 0.0226424818854654
3 4.32244894239542e-05 0.0227918679449761
3 4.00249899930039e-05 0.022951212371375
3 3.68574434830293e-05 0.0231099444407932
3 3.37776737202589e-05 0.0232660102066906
3 3.07709362892261e-05 0.0234192389496204
3 2.78257694732442e-05 0.0235694009091089
3 2.49321624730126e-05 0.0237164586339151
3 2.20769710046476e-05 0.0238611220775865
3 1.92437328638828e-05 0.0240041863184865
3 1.64325173845903e-05 0.0241456838044325
3 1.36425375039106e-05 0.0242856384208534
3 1.08678235239967e-05 0.0244242582117397
3 8.10195566547378e-06 0.0245617870598019
3 5.34079946246102e-06 0.0246983912980175
3 2.58117172191596e-06 0.0248341875118879
3 -1.79359844532101e-07 0.0249692599727237
3 -2.94244929377463e-06 0.0251036725028839
3 -5.70953383416395e-06 0.0252374842055442
3 -8.48159134514415e-06 0.0253707381649891
3 -1.12593749734824e-05 0.0255034676470732
3 -1.40435031603658e-05 0.0256357002854837
3 -1.68344735282933e-05 0.0257674602720919
3 -1.96326681933812e-05 0.0258987678151644
3 -2.24383879192658e-05 0.0260296399294052
3 -2.52518640975197e-05 0.0261600910380333
3 -2.80732719346588e-05 0.0262901335475361
3 -3.0902749589945e-05 0.0264197784697974
3 -3.37404065607894e-05 0.0265490356718712
3 -3.65863290632262e-05 0.0266779140452722
3 -3.9440586144357e-05 0.0268064217148521
3 -4.2303234008223e-05 0.0269345662006896
3 -4.51743189123777e-05 0.0270623545197272
3 -4.80538794204177e-05 0.0271897932637745
3 -5.09419483062379e-05 0.0273168886651788
3 -5.38385538233488e-05 0.0274436466483658
3 -5.67437209035848e-05 0.0275700728726518
3 -5.96574719142762e-05 0.0276961727650397
3 -6.25798272747558e-05 0.0278219515449039
3 -6.55108059528509e-05 0.0279474142442797
3 -6.84504256511786e-05 0.0280725657244121
3 -7.13987032232577e-05 0.0281974106891671
3 -7.43556547088131e-05 0.02832195369596
3 -7.73212955486047e-05 0.0284461991648648
3 -8.02956406006361e-05 0.0285701513862724
3 -8.32787042172045e-05 0.0286938145274727
3 -8.62705002976361e-05 0.0288171926384384
3 -8.92710422926157e-05 0.0289402896567373
3 -9.22803431794295e-05 0.0290631094119892
3 -9.52984154896086e-05 0.0291856556299283
3 -9.83252712697391e-05 0.0293079319359894
3 -0.000101360922122873 0.0294299418587269
3 -0.000104405379140582 0.0295516888329098
3 -0.00010745865287487 0.0296731762024625
3 -0.000110520753401122 0.029794407223266
3 -0.000113591690203863 0.0299153850656947
3 -0.000116671472209284 0.0300361128172408
3 -0.000119760107776146 0.0301565934848148
3 -0.000122857604662796 0.0302768299970623
3 -0.000125963970020626 0.0303968252066279
3 -0.000129079210339444 0.0305165818922379
3 -0.00013220333153563 0.0306361027608083
3 -0.000135336338836445 0.0307553904493748
3 -0.000138478236845985 0.0308744475271062
3 -0.000141629029482671 0.0309932764971374
3 -0.000144788720008782 0.0311118797984164
3 -0.00014795731100814 0.03123025980742
3 -0.000151134804408204 0.0313484188399352
3 -0.000154321201442875 0.0314663591526631
3 -0.000157516502653832 0.0315840829448821
3 -0.000160720707914064 0.0317015923600057
3 -0.000163933816434869 0.0318188894870962
3 -0.000167155826714782 0.031935976362411
3 -0.000170386736586536 0.0320528549707555
3 -0.000173626543208405 0.0321695272469812
3 -0.000176875243072194 0.0322859950772558
3 -0.000180132831978819 0.0324022603005036
3 -0.000183399305084375 0.0325183247096029
3 -0.000186674656870056 0.0326341900527004
3 -0.000189958881182561 0.0327498580343914
3 -0.000193251971208119 0.0328653303169587
3 -0.000196553919466158 0.0329806085214774
3 -0.000199864717889353 0.0330956942289807
3 -0.000203184357744246 0.0332105889815322
3 -0.000206512829674876 0.0333252942832897
3 -0.000209850123744859 0.0334398116015294
3 -0.000213196229371548 0.0335541423677064
3 -0.000216551135407195 0.033668287978339
3 -0.000219914830083656 0.033782249796063
3 -0.000223287301090558 0.0338960291504847
4 -0.000223287301090558 0.0338960291504847
4 -0.000223585050754482 0.0339023305984382
4 -0.000223771167504716 0.0339066784690213
4 -0.000223948385105865 0.0339109613693785
4 -0.000224124570195494 0.03391528958216
4 -0.000224302561181222 0.033919704655443
4 -0.000224483719937552 0.0339242267000011
4 -0.000224668800446581 0.0339288667181718
4 -0.000224858255002847 0.0339336311351236
4 -0.000225052368557521 0.0339385238200354
4 -0.00022525132634621 0.033943547108542
4 -0.00022525132634621 0.033943547108542
4 -0.000228294643953242 0.0340351626666571
4 -0.000234290947505711 0.0342095574310641
4 -0.000240875148997732 0.0343986988195593
4 -0.000247461644731217 0.034588983580367
4 -0.000253891409275564 0.0347772355198395
4 -0.000260188840076281 0.034962864142858
4 -0.000266385064099151 0.0351454818646125
4 -0.000272496990367688 0.0353249938020161
4 -0.000278542840280727 0.0355020866997409
4 -0.000284546856968992 0.0356775447489018
4 -0.00029050903700345 0.0358513981073207
4 -0.000296432104889499 0.036023670200193
4 -0.000302325644006118 0.036194568064515
4 -0.000308199570115408 0.0363643344727519
4 -0.000314060645211667 0.0365331350694422
4 -0.00031991424447575 0.0367010858959067
4 -0.000325764395043726 0.0368682707942112
4 -0.000331613795950036 0.0370347532894267
4 -0.000337464809269106 0.0372005922175367
4 -0.000343319095321815 0.0373658304759138
4 -0.000349177961089908 0.0375305011973164
4 -0.000355042482208745 0.0376946319112058
4 -0.000360913549188435 0.0378582467217934
4 -0.000366791866628913 0.0380213657732575
4 -0.000372678005691407 0.0381840060358956
4 -0.000378572425832835 0.0383461819036666
4 -0.000384475495662007 0.0385079057670354
4 -0.000390387521794877 0.0386691886317013
4 -0.000396308762291242 0.0388300403665326
4 -0.000402239435750129 0.0389904698714799
4 -0.000408179730755132 0.0391504852849947
4 -0.000414129812623898 0.0393100941447455
4 -0.000420089828064296 0.0394693034885191
4 -0.000426059908689491 0.0396281199315941
4 -0.000432040174191295 0.0397865497319149
4 -0.000438030734404293 0.0399445988411643
4 -0.000444031691187785 0.0401022729472849
4 -0.000450043139818779 0.0402595775069717
4 -0.000456065169994524 0.0404165177702002
4 -0.000462097866556155 0.0405730988002178
4 -0.000468141310202674 0.0407293254901069
4 -0.00047419557793793 0.0408852025760077
4 -0.000480260743322969 0.0410407346479639
4 -0.000486336876863724 0.041195926158986
4 -0.000492424046211193 0.0413507814326529
4 -0.000498522316256911 0.0415053046696945
4 -0.00050463174930071 0.0416594999536506
4 -0.000510752405171067 0.0418133712558287
4 -0.000516884341314361 0.0419669224397847
4 -0.000523027612767901 0.0421201572652371
4 -0.000529182272296591 0.0422730793917814
4 -0.00053534837044511 0.0424256923822286
4 -0.000541525955507605 0.0425779997056868
4 -0.000547715073608623 0.042730004740573
4 -0.000553915768730762 0.0428817107772943
4 -0.000560128082712552 0.0430331210209129
4 -0.00056635205531641 0.0431842385936484
4 -0.00057258772420854 0.0433350665372906
4 -0.000578835125043642 0.043485607815422
4 -0.00058509429141429 0.0436358653157542
4 -0.000591365254950849 0.0437858418521426
4 -0.000597648045291388 0.0439355401667421
4 -0.00060394269013242 0.0440849629319643
4 -0.000610249215246217 0.0442341127524401
4 -0.00061656764451512 0.0443829921668435
4 -0.000622897999959737 0.0445316036497672
4 -0.00062924030174305 0.0446799496134771
4 -0.000635594568224596 0.0448280324096039
4 -0.00064196081598622 0.0449758543308477
4 -0.000648339059823644 0.0451234176125719
4 -0.000654729312829616 0.0452707244343604
4 -0.000661131586373598 0.0454177769216105
4 -0.000667545890148502 0.0455645771469435
4 -0.000673972232237752 0.0457111271317148
4 -0.000680410619057548 0.0458574288474012
4 -0.000686861055465005 0.0460034842169162
4 -0.000693323544736058 0.0461492951160021
4 -0.000699798088629966 0.0462948633745281
4 -0.000706284687408298 0.046440190777687
4 -0.000712783339823053 0.0465852790672818
4 -0.000719294043217134 0.0467301299428577
4 -0.000725816793505918 0.0468747450629182
4 -0.000732351585176705 0.0470191260459752
4 -0.000738898411408173 0.0471632744717233
4 -0.000745457264016203 0.0473071918820384
4 -0.000752028133494842 0.0474508797820626
4 -0.000758611009093468 0.0475943396411466
4 -0.00076520587877571 0.0477375728939014
4 -0.000771812729300159 0.0478805809411097
4 -0.000778431546196612 0.0480233651506246
5 -0.000778431546196612 0.0480233651506246
5 -0.000778897759990294 0.0480301983028673
5 -0.000779187165784734 0.0480348020357429
5 -0.000779463684688619 0.0480393418725416
5 -0.000779738686389031 0.0480439267834243
5 -0.000780016315698684 0.048048597821738
5 -0.000780298566832482 0.0480533748567865
5 -0.000780586542437511 0.0480582687572899
5 -0.000780880902454428 0.0480632858690438
5 -0.000781182061667884 0.0480684300120395
5 -0.000781490288912723 0.0480737034908043
5 -0.000781490288912723 0.0480737034908043
5 -0.000786591838860096 0.0481756782134155
5 -0.000796728598517871 0.048371489367154
5 -0.000808009573884272 0.0485862326275135
5 -0.000819376607598343 0.0488036743281557
5 -0.000830520967854742 0.0490196587312244
5 -0.000841467841499299 0.0492332217893299
5 -0.000852267754273162 0.0494438313160698
5 -0.000862945125356229 0.0496513397363778
5 -0.000873523225762174 0.0498564108668189
5 -0.000884034233133102 0.0500598169698459
5 -0.000894477873778388 0.0502615871691132
5 -0.000904859247906842 0.050461744893601
5 -0.000915192123797426 0.0506604954410339
5 -0.00092549032058431 0.0508580795665175
5 -0.000935763544449464 0.051054661692518
5 -0.000946019681336674 0.051250356881077
5 -0.000956264598505951 0.051445248172007
5 -0.000966502187830565 0.0516393985197493
5 -0.000976735861562328 0.0518328662528925
5 -0.000986968062469229 0.0520256939071438
5 -0.000997200741554072 0.0522179143387896
5 -0.00100743550886317 0.0524095548443786
5 -0.00101767371560679 0.0526006393222762
5 -0.00102791644745892 0.0527911877524263
5 -0.00103816459825146 0.0529812169750168
5 -0.00104841890260288 0.0531707412792634
5 -0.0010586799648834 0.0533597729726858
5 -0.0010689482990156 0.0535483229945156
5 -0.00107922434759555 0.053736401160574
5 -0.00108950849529421 0.05392401632908
5 -0.00109980108197716 0.0541111766055491
5 -0.00111010241209308 0.0542978895015937
5 -0.00112041276121388 0.0544841620346774
5 -0.0011307323811709 0.0546700008046309
5 -0.00114106150447757 0.054855412057861
5 -0.00115140034733852 0.0550404017378416
5 -0.00116174911238276 0.0552249755269748
5 -0.00117210799061707 0.0554091388787587
5 -0.00118247716294939 0.0555928970419211
5 -0.0011928568013575 0.0557762550801475
5 -0.001203247069819 0.0559592178884415
5 -0.00121364812505931 0.0561417902060954
5 -0.00122406011711074 0.0563239766275146
5 -0.00123448318976072 0.0565057816110923
5 -0.00124491748092259 0.0566872094867344
5 -0.00125536312296537 0.0568682644623981
5 -0.0012658202429241 0.0570489506296419
5 -0.00127628896271514 0.0572292719685841
5 -0.00128676939932437 0.0574092323523091
5 -0.00129726166497868 0.057588835550765
5 -0.00130776586717762 0.0577680852344914
5 -0.0013182821089579 0.0579469849778294
5 -0.00132881048888511 0.05812553826212
5 -0.00133935110121197 0.0583037484785551
5 -0.0013499040359588 0.0584816189309682
5 -0.00136046937896095 0.0586591528384408
5 -0.00137104721206605 0.0588363533377697
5 -0.00138163761305676 0.0590132234858672
5 -0.00139224065587029 0.059189766262054
5 -0.00140285641057747 0.0593659845702708
5 -0.00141348494352755 0.0595418812411925
5 -0.00142412631737321 0.0597174590343081
5 -0.0014347805911904 0.059892720639846
5 -0.00144544782048883 0.0600676686808106
5 -0.00145612805732398 0.0602423057147804
5 -0.00146682135039589 0.0604166342357186
5 -0.00147752774502474 0.0605906566757474
5 -0.00148824728332797 0.0607643754068949
5 -0.00149898000422022 0.0609377927426843
5 -0.00150972594346321 0.0611109109398012
5 -0.0015204851338193 0.0612837321996509
5 -0.00153125760504758 0.0614562586698542
5 -0.00154204338393538 0.0616284924457465
5 -0.00155284249447252 0.0618004355718468
5 -0.00156365495782451 0.0619720900432076
5 -0.00157448079241695 0.0621434578068034
5 -0.00158532001401268 0.0623145407628471
5 -0.00159617263575473 0.0624853407660805
5 -0.00160703866821066 0.062655859627023
5 -0.00161791811951517 0.062826099113165
5 -0.00162881099527601 0.062996060950203
5 -0.00163971729878742 0.0631657468231372
5 -0.00165063703098178 0.0633351583774157
5 -0.00166157019052582 0.0635042972200183
5 -0.00167251677387559 0.0636731649205076
5 -0.00168347677533476 0.063841763012066
5 -0.00169445018708114 0.0640100929925067
5 -0.00170543699919712 0.0641781563251898
5 -0.00171643719983572 0.0643459544400423
5 -0.00172745077509917 0.0645134887344369
6 -0.00172745077509917 0.0645134887344369
6 -0.00172811845110887 0.0645207417302251
6 -0.00172852918236699 0.064525538247984
6 -0.00172892255395818 0.0645302726306783
6 -0.00172931380045271 0.0645350517252197
6 -0.00172970851062604 0.0645399157851892
6 -0.00173010937877027 0.0645448842903828
6 -0.00173051789427392 0.0645499678944286
6 -0.00173093494786192 0.0645551728156976
6 -0.00173136109894045 0.0645605027955924
6 -0.00173179670977719 0.0645659600892623
6 -0.00173179670977719 0.0645659600892623
6 -0.00173945097014716 0.0646764194799943
6 -0.00175474741151693 0.064889865138484
6 -0.00177192307959106 0.0651258155084733
6 -0.00178932033859946 0.065365821969026
6 -0.00180643714433493 0.0656048947082105
6 -0.00182328939165333 0.065841741347219
6 -0.00183994463629977 0.0660756964700469
6 -0.00185643425501758 0.0663065636443215
6 -0.00187278619820175 0.0665349832636807
6 -0.00188904061952666 0.0667617141850135
6 -0.00190519686478319 0.0669867861922457
6 -0.00192126275595117 0.0672102232757706
6 -0.00193725658655586 0.0674322279496403
6 -0.00195319631642965 0.0676530377250226
6 -0.00196909480663865 0.0678728151129523
6 -0.00198496265704851 0.0680916736457616
6 -0.00200080772163336 0.0683096950842324
6 -0.00201663517401518 0.0685269414627575
6 -0.00203244955652637 0.0687434702987797
6 -0.00204825415982268 0.0689593235490587
6 -0.00206405163743051 0.0691745336141025
6 -0.0020798441836557 0.0693891273940977
6 -0.00209563365463961 0.0696031284308625
6 -0.0021114215561393 0.0698165564124723
6 -0.00212720914005315 0.0700294279396858
6 -0.00214299744818836 0.070241757100168
6 -0.00215878735005237 0.0704535560320838
6 -0.00217457959417389 0.0706648355297368
6 -0.0021903748332891 0.0708756052842716
6 -0.00220617364235953 0.0710858740462757
6 -0.00222197653544487 0.0712956498268721
6 -0.00223778397801022 0.0715049400538853
6 -0.0022535963953394 0.0717137516698409
6 -0.0022694141795202 0.071922091207346
6 -0.00228523769500077 0.0721299648519495
6 -0.00230106728281698 0.0723373784916375
6 -0.00231690326404088 0.0725443377579106
6 -0.00233274594249111 0.0727508480573735
6 -0.00234859560673284 0.0729569145953172
6 -0.00236445253165041 0.073162542395108
6 -0.00238031697982122 0.0733677363141583
6 -0.00239618920242202 0.0735725010567514
6 -0.00241206944010808 0.0737768411845027
6 -0.00242795792364869 0.0739807611251866
6 -0.00244385487449417 0.0741842651800974
6 -0.00245976050521146 0.0743873575303973
6 -0.00247567501986656 0.0745900422426947
6 -0.00249159861436632 0.0747923232738485
6 -0.002507531476725 0.0749942044752668
6 -0.0025234737873554 0.0751956895968632
6 -0.0025394257192527 0.0753967822905801
6 -0.00255538743821171 0.0755974861136973
6 -0.0025713591030323 0.0757978045319048
6 -0.0025873408657151 0.0759977409221591
6 -0.00260333287158088 0.0761972985753963
6 -0.002619335259474 0.0763964806991273
6 -0.00263534816189614 0.0765952904198811
6 -0.00265137170513863 0.0767937307856463
6 -0.00266740600949555 0.0769918047679713
6 -0.00268345118932234 0.0771895152642915
6 -0.00269950735318525 0.0773868650999707
6 -0.00271557460405869 0.0775838570303571
6 -0.00273165303937584 0.0777804937427275
6 -0.00274774275120648 0.0779767778582509
6 -0.0027638438263391 0.078172711933721
6 -0.00277995634645689 0.0783682984634946
6 -0.00279608038822554 0.078563539881129
6 -0.00281221602339932 0.0787584385611005
6 -0.00282836331895953 0.078952996820452
6 -0.00284452233720767 0.0791472169204065
6 -0.00286069313591453 0.07934110106785
6 -0.00287687576839168 0.0795346514169022
6 -0.00289307028359509 0.0797278700703766
6 -0.00290927672626384 0.0799207590811389
6 -0.00292549513701357 0.0801133204535496
6 -0.00294172555240324 0.0803055561447942
6 -0.00295796800508374 0.0804974680661914
6 -0.0029742225238456 0.0806890580844317
6 -0.0029904891337833 0.0808803280228622
6 -0.0030067678563187 0.0810712796626308
6 -0.00302305870932784 0.0812619147438894
6 -0.00303936170722319 0.0814522349669507
6 -0.00305567686103148 0.0816422419933056
6 -0.00307200417855646 0.0818319374468099
6 -0.00308834366430877 0.0820213229146183
6 -0.00310469531975199 0.0822103999482718
6 -0.00312105914327421 0.082399170064638
6 -0.0031374351303074 0.082587634746918
6 -0.00315382327342761 0.0827757954455289
6 -0.00317022356240215 0.0829636535790132
7 -0.00317022356240215 0.0829636535790132
7 -0.00317111637860146 0.0829712057965911
7 -0.00317166047309059 0.082976126262945
7 -0.00317218245028772 0.082980987182103
7 -0.00317270157264404 0.0829858923073063
7 -0.00317322493618133 0.0829908807272607
7 -0.00317375596710423 0.0829959713550741
7 -0.0031742965599012 0.0830011745318735
7 -0.0031748478475524 0.0830064962912044
7 -0.00317541054162251 0.0830119402607843
7 -0.00317598510305095 0.0830175086246205
7 -0.00317598510305095 0.0830175086246205
7 -0.00318657042937798 0.0831344594009146
7 -0.00320781706968953 0.0833615291180178
7 -0.00323182992655791 0.0836140419068055
7 -0.00325624800355151 0.0838717694375008
7 -0.00328034021971502 0.0841290386222227
7 -0.00330410332709252 0.0843842743397612
7 -0.0033276174739908 0.0846366882684593
7 -0.00335091912791963 0.0848860384104984
7 -0.00337404023381715 0.0851329406668534
7 -0.00339702895243665 0.0853781387006224
7 -0.00341988445440411 0.0856216650177191
7 -0.00344261750683972 0.0858635447928413
7 -0.00346525098330475 0.086103976445337
7 -0.00348780702472151 0.0863431927454366
7 -0.00351030173736977 0.0865813534688824
7 -0.00353274849929763 0.086818569969722
7 -0.0035551571776955 0.0870549221668878
7 -0.00357753424695817 0.0872904707611147
7 -0.00359988540604739 0.0875252721003315
7 -0.00362221481741576 0.0877593673071578
7 -0.00364452585655373 0.0879927881138141
7 -0.00366682131742979 0.0882255608285081
7 -0.00368910357583097 0.0884577084550789
7 -0.00371137457191151 0.0886892502352802
7 -0.00373363592883003 0.0889202023971941
7 -0.00375588900791335 0.0891505787078487
7 -0.00377813495587087 0.0893803910288914
7 -0.00380037476745243 0.0896096499115599
7 -0.00382260931684097 0.0898383648319641
7 -0.00384483938013003 0.0900665443493626
7 -0.00386706565624118 0.0902941963021856
7 -0.00388928878182371 0.0905213279602454
7 -0.00391150934187112 0.0907479461209171
7 -0.00393372787821611 0.0909740571827194
7 -0.00395594489667295 0.0911996672065512
7 -0.00397816087205727 0.0914247819636567
7 -0.00400037625265326 0.0916494069758741
7 -0.00402259146350781 0.0918735475462814
7 -0.00404480690897646 0.092097208782119
7 -0.00406702297482553 0.0923203956136529
7 -0.00408924002977729 0.0925431128097735
7 -0.00411145842687266 0.0927653649903526
7 -0.00413367850452717 0.0929871566365059
7 -0.00415590058740523 0.0932084920991359
7 -0.00417812498714398 0.0934293756060724
7 -0.00420035200294855 0.0936498112683594
7 -0.00422258192219449 0.0938698030855298
7 -0.00424481502080087 0.0940893549503748
7 -0.00426705156367646 0.0943084706531908
7 -0.00428929180509996 0.0945271538854697
7 -0.004311535989037 0.0947454082435002
7 -0.00433378434940201 0.0949632372315355
7 -0.00435603711042476 0.0951806442647582
7 -0.00437829448683524 0.0953976326721189
7 -0.00440055668418271 0.0956142056989891
7 -0.00442282389902948 0.0958303665096741
7 -0.00444509631921619 0.0960461181897978
7 -0.00446737412403286 0.0962614637486648
7 -0.00448965748451269 0.0964764061214269
7 -0.00451194656354748 0.0966909481712286
7 -0.00453424151616311 0.0969050926912664
7 -0.00455654248970261 0.0971188424067831
7 -0.00457884962398847 0.0973321999769583
7 -0.00460116305153402 0.0975451679968433
7 -0.00462348289771197 0.0977577489990961
7 -0.00464580928097402 0.097969945455753
7 -0.0046681423129723 0.0981817597799503
7 -0.00469048209875444 0.0983931943275618
7 -0.00471282873695733 0.0986042513987968
7 -0.00473518231990377 0.0988149332397268
7 -0.00475754293381914 0.0990252420438985
7 -0.00477991065900851 0.0992351799536571
7 -0.00480228556993623 0.0994447490617076
7 -0.00482466773542567 0.0996539514124084
7 -0.0048470572188174 0.0998627890031759
7 -0.00486945407805239 0.100071263785741
7 -0.00489185836590533 0.100279377667504
7 -0.00491427013001844 0.100487132512697
7 -0.00493668941313374 0.100694530143578
7 -0.00495911625314827 0.100901572341711
7 -0.00498155068329864 0.101108260848946
7 -0.00500399273222996 0.101314597368664
7 -0.00502644242418693 0.101520583566752
7 -0.00504889977908152 0.101726221072699
7 -0.00507136481263104 0.1019315114806
7 -0.00509383753647175 0.102136456350119
7 -0.00511631795827372 0.1023410572075
7 -0.00513880608184547 0.102545315546419
7 -0.00516130190722597 0.102749232828991
7 -0.0051838054308545 0.102952810486548
8 -0.0051838054308545 0.102952810486548
8 -0.00518493475070814 0.102960534605038
8 -0.00518561659576211 0.102965506009097
8 -0.00518627150071682 0.102970421365428
8 -0.00518692270034171 0.102975380269011
8 -0.00518757877941045 0.102980420243001
8 -0.00518824388841177 0.102985559439398
8 -0.00518892032354734 0.10299080777999
8 -0.00518960945862867 0.102996171050569
8 -0.00519031215706589 0.103001652726737
8 -0.00519102897868806 0.103007254897615
8 -0.00519102897868806 0.103007254897615
8 -0.00520475720912306 0.103128605695338
8 -0.00523241377929518 0.103365097608778
8 -0.00526383193531454 0.103629315072582
8 -0.00529587823021116 0.103899703506328
8 -0.00532756892967046 0.104170062522756
8 -0.00535887330916429 0.104438580856101
8 -0.00538987771300126 0.104704357337856
8 -0.00542062043851599 0.104967107582404
8 -0.00545113648926998 0.105227421624589
8 -0.00548148216202571 0.105486025975347
8 -0.00551165702808776 0.105742958138605
8 -0.00554167486614621 0.105998245119225
8 -0.00557156286555993 0.106252079758616
8 -0.00560134717955196 0.106504688412635
8 -0.00563104711789386 0.106756227202471
8 -0.00566067874331488 0.107006804587917
8 -0.00569025382840238 0.10725649803053
8 -0.0057197800911587 0.107505366444871
8 -0.00574926435502221 0.107753464615941
8 -0.00577871163068089 0.108000832550969
8 -0.00580812598976543 0.108247501078109
8 -0.00583751080164407 0.108493495695294
8 -0.00586686894224786 0.108738838664805
8 -0.0058962027707834 0.108983548607426
8 -0.00592551426840338 0.10922764122634
8 -0.0059548051043592 0.109471129831108
8 -0.00598407669316592 0.109714025882731
8 -0.00601333026797213 0.109956339574692
8 -0.00604256691756444 0.110198080061775
8 -0.00607178761328064 0.110439255612998
8 -0.00610099323353164 0.110679873800765
8 -0.00613018458148462 0.11091994164848
8 -0.00615936239750126 0.111159465724182
8 -0.00618852736940911 0.111398452212119
8 -0.00621768014071133 0.11163690697168
8 -0.00624682131676979 0.111874835583764
8 -0.00627595146995119 0.112112243389659
8 -0.00630507114368795 0.112349135520606
8 -0.00633418085544324 0.112585516920017
8 -0.00636328109921536 0.112821392361574
8 -0.00639237234751078 0.113056766464185
8 -0.00642145505292924 0.113291643704042
8 -0.00645052964944581 0.113526028424422
8 -0.00647959655357166 0.11375992484382
8 -0.00650865616514851 0.113993337063063
8 -0.00653770886821792 0.114226269071045
8 -0.00656675503167958 0.114458724750078
8 -0.00659579500984131 0.114690707880302
8 -0.00662482914298501 0.114922222143846
8 -0.00665385775784133 0.115153271128372
8 -0.00668288116799076 0.115383858330558
8 -0.00671189967428854 0.115613987159066
8 -0.00674091356526718 0.115843660937478
8 -0.00676992311742008 0.116072882907019
8 -0.00679892859562992 0.116301656229053
8 -0.00682793025338135 0.116529983987576
8 -0.00685692833317986 0.116757869191443
8 -0.00688592306678881 0.116985314776701
8 -0.0069149146754891 0.117212323608633
8 -0.00694390337040751 0.117438898483824
8 -0.00697288935281359 0.117665042132162
8 -0.00700187281427311 0.117890757218747
8 -0.00703085393702185 0.11811604634573
8 -0.00705983289413392 0.118340912054081
8 -0.00708880984978377 0.118565356825416
8 -0.00711778495950632 0.118789383083525
8 -0.00714675837042356 0.119012993196178
8 -0.00717573022142193 0.119236189476599
8 -0.0072047006434367 0.119458974185022
8 -0.00723366975963335 0.119681349530232
8 -0.00726263768561075 0.119903317670936
8 -0.00729160452961231 0.120124880717261
8 -0.0073205703927316 0.120346040732045
8 -0.00734953536915617 0.12056679973221
8 -0.00737849954621139 0.12078715969006
8 -0.00740746300471662 0.121007122534536
8 -0.00743642581908077 0.121226690152379
8 -0.00746538805744823 0.12144586438939
8 -0.00749434978196684 0.121664647051552
8 -0.0075233110488867 0.121883039906133
8 -0.00755227190872498 0.122101044682804
8 -0.00758123240648423 0.122318663074679
8 -0.00761019258172968 0.122535896739312
8 -0.00763915246881575 0.122752747299814
8 -0.00766811209699658 0.122969216345642
8 -0.00769707149055177 0.12318530543368
8 -0.00772603066899191 0.123401016089093
8 -0.00775498964715071 0.123616349806275
8 -0.00778394843530916 0.12383130804963
8 -0.00781290703940329 0.124045892254464
9 -0.00781290703940329 0.124045892254464
9 -0.0078142701176106 0.124053658402514
9 -0.0078150855455601 0.124058606337029
9 -0.00781586936829881 0.124063502649021
9 -0.00781664851776787 0.124068441699134
9 -0.00781743296676118 0.124073459039801
9 -0.00781822754260297 0.124078571865294
9 -0.00781903491792935 0.124083789569995
9 -0.00781985669308105 0.124089117628378
9 -0.00782069387499129 0.124094559325134
9 -0.00782154711760219 0.124100116630539
9 -0.00782154711760219 0.124100116630539
9 -0.00783843059139755 0.124223732912978
9 -0.00787255841437584 0.12446535948513
9 -0.00791149575838968 0.124736326773541
9 -0.00795131069907173 0.125014216610545
9 -0.00799075824695616 0.125292459802873
9 -0.00802977440355734 0.125569056445097
9 -0.00806844364548109 0.125843002992684
9 -0.00810680153064169 0.126113976167486
9 -0.00814488504571076 0.126382538758915
9 -0.00818275893468345 0.126649398133636
9 -0.00822042410475865 0.126914599066602
9 -0.00825789722776193 0.127178171007481
9 -0.00829520923275084 0.127440299692729
9 -0.00833238991715723 0.127701203339344
9 -0.00836946161302732 0.127961033449914
9 -0.00840644280732616 0.128219894845957
9 -0.00844334693528026 0.128477861906802
9 -0.00848018282669394 0.128734991302284
9 -0.00851695833738453 0.128991335851412
9 -0.00855367925164319 0.129246934154348
9 -0.00859035026351884 0.129501815889311
9 -0.00862697525187583 0.129756005515783
9 -0.00866355753654802 0.130009524341049
9 -0.00870009984822284 0.130262390179458
9 -0.00873660448335767 0.130514618045975
9 -0.00877307338088718 0.130766220645025
9 -0.00880950818979831 0.131017208902014
9 -0.00884591035168791 0.131267592527313
9 -0.00888228114234368 0.131517380237292
9 -0.00891862170285163 0.131766579901058
9 -0.00895493306753126 0.132015198721352
9 -0.00899121618389143 0.132263243376451
9 -0.00902747192680553 0.132510720110921
9 -0.0090637011103184 0.132757634804764
9 -0.00909990449702414 0.133003993029603
9 -0.00913608280497702 0.133249800093115
9 -0.00917223671370981 0.133495061076294
9 -0.00920836686875703 0.133739780861742
9 -0.00924447388516869 0.133983964154889
9 -0.0092805583502894 0.134227615501312
9 -0.00931662082612317 0.134470739300962
9 -0.00935266185108696 0.134713339819592
9 -0.00938868194161913 0.134955421198155
9 -0.00942468159337628 0.135196987460589
9 -0.00946066128236134 0.135438042520355
9 -0.00949662146577901 0.135678590186178
9 -0.00953256258296531 0.135918634166801
9 -0.00956848505593533 0.136158178075448
9 -0.00960438929013319 0.13639722543354
9 -0.00964027567497006 0.136635779674196
9 -0.00967614458436172 0.136873844145414
9 -0.00971199637718356 0.137111422112949
9 -0.00974783139779589 0.137348516763057
9 -0.00978364997640468 0.137585131205046
9 -0.00981945242954652 0.137821268473681
9 -0.00985523906042252 0.138056931531466
9 -0.00989101015929383 0.138292123270827
9 -0.00992676600386799 0.138526846516213
9 -0.00996250685962785 0.138761104026099
9 -0.00999823298017199 0.138994898494887
9 -0.0100339446075505 0.139228232554832
9 -0.0100696419725841 0.139461108777766
9 -0.0101053252951824 0.139693529676928
9 -0.0101409947846083 0.139925497708559
9 -0.0101766506398449 0.14015701527358
9 -0.0102122930498189 0.140388084719159
9 -0.010247922193715 0.140618708340294
9 -0.0102835382412 0.140848888381209
9 -0.0103191413527434 0.141078627036887
9 -0.0103547316798805 0.141307926454425
9 -0.0103903093654049 0.141536788734438
9 -0.0104258745436695 0.141765215932276
9 -0.0104614273407864 0.141993210059448
9 -0.0104969678749131 0.142220773084817
9 -0.0105324962564218 0.142447906935726
9 -0.0105680125881571 0.142674613499302
9 -0.0106035169656415 0.142900894623533
9 -0.0106390094773053 0.14312675211838
9 -0.0106744902046387 0.143352187756864
9 -0.0107099592224753 0.143577203276131
9 -0.010745416599129 0.1438018003784
9 -0.0107808623965903 0.144025980732063
9 -0.0108162966707145 0.144249745972563
9 -0.0108517194714377 0.144473097703316
9 -0.0108871308428933 0.144696037496703
9 -0.010922530823651 0.144918566894843
9 -0.0109579194468162 0.145140687410539
9 -0.0109932967402618 0.145362400528038
9 -0.0110286627267255 0.145583707703907
9 -0.011064017423991 0.145804610367758
10 -0.011064017423991 0.145804610367758
10 -0.0110655972203406 0.145812291711419
10 -0.0110665335883761 0.145817143917309
10 -0.0110674340489516 0.145821949790286
10 -0.0110683287587066 0.145826797456667
10 -0.0110692289035986 0.1458317201214
10 -0.011070139904391 0.145836733838158
10 -0.0110710647651604 0.145841847373415
10 -0.0110720052867687 0.145847065831194
10 -0.0110729626041208 0.145852392269255
10 -0.0110739374559468 0.145857828516836
10 -0.0110739374559468 0.145857828516836
10 -0.0110937797200508 0.145981612918107
10 -0.0111340211148283 0.14622415824587
10 -0.0111801110215342 0.146496999532546
10 -0.0112273394593093 0.146777311971841
10 -0.0112742076942296 0.147058313905242
10 -0.0113206158249591 0.147337864408976
10 -0.0113666372480311 0.147614868904398
10 -0.0114122992054836 0.147888969375369
10 -0.0114576396023116 0.148160700251742
10 -0.0115027321524643 0.148430747850476
10 -0.0115475803017238 0.148699166246737
10 -0.0115922033011477 0.148965987861924
10 -0.0116366349893763 0.149231389899759
10 -0.0116809082744087 0.149495580803152
10 -0.0117250481879714 0.149758706505852
10 -0.0117690752194287 0.150020867464187
10 -0.0118130041058361 0.150282134389117
10 -0.0118568445934371 0.150542561277181
10 -0.0119006054214227 0.150802198596328
10 -0.0119442930225777 0.151061083255006
10 -0.0119879125936622 0.151319243540458
10 -0.0120314684180838 0.151576702650539
10 -0.0120749641679156 0.151833480727873
10 -0.012118402865446 0.152089594595558
10 -0.0121617870502657 0.152345058415577
10 -0.0122051188661456 0.152599884137491
10 -0.0122484001388682 0.152854082013708
10 -0.012291632465697 0.153107661142764
10 -0.0123348172603995 0.153360629681694
10 -0.0123779557881518 0.153612994985859
10 -0.0124210491963426 0.153864763780312
10 -0.0124640985363914 0.154115942295098
10 -0.0125071047794584 0.154366536352652
10 -0.012550068829477 0.15461655143424
10 -0.0125929915334189 0.154865992733056
10 -0.0126358736890096 0.155114865196336
10 -0.0126787160513031 0.155363173560745
10 -0.0127215193376546 0.155610922379287
10 -0.0127642842315718 0.155858116041325
10 -0.0128070113858865 0.156104758788938
10 -0.0128497014252552 0.156350854730337
10 -0.0128923549482247 0.156596407850573
10 -0.0129349725289096 0.156841422020423
10 -0.0129775547184178 0.157085901003614
10 -0.0130201020460501 0.157329848463001
10 -0.0130626150203372 0.157573267965839
10 -0.0131050941299558 0.157816162988303
10 -0.0131475398445319 0.15805853691949
10 -0.0131899526153146 0.158300393065034
10 -0.013232332875908 0.158541734650201
10 -0.0132746810428045 0.158782564822878
10 -0.0133169975159695 0.15902288665626
10 -0.0133592826793367 0.159262703151315
10 -0.0134015369013958 0.159502017239151
10 -0.0134437605355222 0.159740831783262
10 -0.0134859539205534 0.159979149581566
10 -0.0135281173811359 0.160216973368449
10 -0.0135702512281813 0.160454305816652
10 -0.0136123557592472 0.160691149539159
10 -0.0136544312589345 0.160927507090879
10 -0.01369647799926 0.161163380970464
10 -0.013738496239996 0.16139877362185
10 -0.0137804862290677 0.161633687435912
10 -0.0138224482028663 0.161868124751981
10 -0.0138643823865683 0.162102087859335
10 -0.0139062889944886 0.162335578998635
10 -0.0139481682303961 0.162568600363363
10 -0.0139900202877897 0.16280115410114
10 -0.0140318453502235 0.163033242315035
10 -0.0140736435915926 0.163264867064927
10 -0.014115415176406 0.163496030368615
10 -0.0141571602600588 0.163726734203138
10 -0.0141988789891492 0.163956980505874
10 -0.0142405715016685 0.16418677117572
10 -0.0142822379272829 0.164416108074166
10 -0.0143238783876088 0.164644993026361
10 -0.0143654929964329 0.164873427822177
10 -0.0144070818599229 0.165101414217212
10 -0.0144486450769019 0.165328953933719
10 -0.0144901827390364 0.165556048661664
10 -0.0145316949310961 0.16578270005952
10 -0.0145731817310767 0.166008909755288
10 -0.014614643210517 0.166234679347262
10 -0.0146560794346277 0.166460010404962
10 -0.0146974904625147 0.166684904469871
10 -0.0147388763473367 0.166909363056313
10 -0.0147802371365243 0.167133387652168
10 -0.0148215728719554 0.167356979719658
10 -0.0148628835901138 0.167580140696062
10 -0.0149041693222609 0.167802871994426
12 -0.0149041693222609 0.167802871994426
12 -0.0149682822835985 0.168134841630367
12 -0.0150409109730797 0.168514813446353
12 -0.015118477940497 0.168904373728968
12 -0.0151973630077019 0.16929683333056
12 -0.0152768013650222 0.169696132446244
12 -0.0153569151291323 0.170101806603325
12 -0.0154382138023058 0.170512202708686
12 -0.0155212264754571 0.170928102433283
12 -0.015605538718689 0.171349018026862
12 -0.0156915255672043 0.171777072752542
12 -0.0156915255672043 0.171777072752542
12 -0.015691447172327 0.171780058213058
12 -0.015691290108412 0.171780368653023
12 -0.0156913068185882 0.171781133672192
12 -0.0156914179447607 0.171782161125973
12 -0.0156915911447032 0.171783369693101
12 -0.0156918091732162 0.171784714798246
12 -0.0156920614670212 0.171786168448759
12 -0.0156923409774089 0.171787711522578
12 -0.0156926427153263 0.171789330187863
12 -0.0156929629928636 0.17179101401457
14 -0.0156929629928636 0.17179101401457
14 -0.0157314595412463 0.171974602087293
14 -0.0158015886825869 0.172324559657136
14 -0.0158864285180921 0.172743972380521
14 -0.0159775979923693 0.173191411368597
14 -0.0160720414469675 0.173654042477496
14 -0.0161684123391564 0.17412617837066
14 -0.0162664332462745 0.174605338271166
14 -0.0163663096419273 0.175091654342076
14 -0.0164677159006086 0.175584117357164
14 -0.0165708152036548 0.176083397971239
14 -0.0165708152036548 0.176083397971239
14 -0.0165710504102674 0.176087925404811
14 -0.016571051098039 0.176089031757684
14 -0.016571228279888 0.176090581719991
14 -0.016571501286633 0.176092387930635
14 -0.0165718372679738 0.176094371065551
14 -0.016572218718421 0.176096487634648
14 -0.0165726349193738 0.176098710321737
14 -0.0165730787200303 0.176101020463788
14 -0.0165735450596474 0.176103404559009
14 -0.0165740301975106 0.176105852424871
16 -0.0165740301975106 0.176105852424871
16 -0.0166190456537191 0.176315650933419
16 -0.0167024529433825 0.176720259246076
16 -0.016803149054418 0.177204664223966
16 -0.0169111421841512 0.177720726623668
16 -0.0170227751337534 0.178253085025079
16 -0.017136458118038 0.178795094936063
16 -0.0172518230561289 0.179343903966346
16 -0.0173690390925234 0.179899448636128
16 -0.0174877575352663 0.180460655806764
16 -0.0176081349760976 0.181028131204385
16 -0.0176081349760976 0.181028131204385
16 -0.0176086860757074 0.181034147481168
16 -0.0176088456227128 0.181036022720554
16 -0.0176091843320888 0.181038329094148
16 -0.0176096202387477 0.181040884648133
16 -0.017610119987593 0.181043612314926
16 -0.0176106658139656 0.181046469829197
16 -0.0176112468446664 0.181049430637194
16 -0.0176118558274847 0.181052476592586
16 -0.0176124876306292 0.181055594564714
16 -0.0176131384612233 0.181058774649153
18 -0.0176131384612233 0.181058774649153
18 -0.0176646499071255 0.181293258626621
18 -0.0177612660332872 0.181749276886655
18 -0.0178776737059584 0.18229448278482
18 -0.0180022789012713 0.182874440458836
18 -0.0181308309675872 0.183471456781864
18 -0.0182615073327903 0.184078027454093
18 -0.0183938608239362 0.184690986015885
18 -0.0185280310784216 0.185310111795973
18 -0.018663653907779 0.185934312231468
18 -0.0188008842264521 0.186564158183358
18 -0.0188008842264521 0.186564158183358
18 -0.0188017452090714 0.186571562266494
18 -0.0188020614119189 0.186574157936651
18 -0.0188025592792453 0.186577170860315
18 -0.0188031556193841 0.18658042509648
18 -0.0188038165988138 0.186583846088665
18 -0.0188045242074457 0.186587392935115
18 -0.0188052674261161 0.186591039931109
18 -0.018806038907209 0.186594769505801
18 -0.0188068334524057 0.186598568941912
18 -0.0188076472201983 0.186602428644811
20 -0.0188076472201983 0.186602428644811
20 -0.0188654777148919 0.186859333228254
20 -0.0189749511858129 0.187362186598099
20 -0.0191066485620013 0.187962748957486
20 -0.0192474159813453 0.188600833444321
20 -0.0193924245939479 0.189256618850533
20 -0.01953962470009 0.189921820277022
20 -0.0196884933969852 0.190592989477773
20 -0.0198391407053963 0.191269759093201
20 -0.0199911881151348 0.191951026230937
20 -0.0201447887490788 0.192637329083975
20 -0.0201447887490788 0.192637329083975
20 -0.0201459541003622 0.192646018156587
20 -0.0201464252240469 0.192649285030991
20 -0.0201470802217965 0.192652953995904
20 -0.020147834803344 0.192656855675741
20 -0.0201486547069424 0.192660918257891
20 -0.020149521703318 0.192665102331261
20 -0.0201504246433806 0.192669383119584
20 -0.0201513560950023 0.19267374368143
20 -0.0201523108012288 0.192678171751698
20 -0.0201532848779042 0.192682658074671
22 -0.0201532848779042 0.192682658074671
22 -0.0202172390037921 0.192959730397613
22 -0.0203391885166 0.19350487036109
22 -0.0204857198394554 0.194155393908726
22 -0.0206421658730347 0.194845910564222
22 -0.0208031358845677 0.195554672974284
22 -0.0209663588068363 0.196272691554666
22 -0.0211312389721486 0.196996264872264
22 -0.0212978558332829 0.197724886071317
22 -0.0214658173655902 0.198457447655455
22 -0.0216352742133218 0.199194454985919
22 -0.0216352742133218 0.199194454985919
22 -0.0216367389777453 0.199204328049288
22 -0.0216373636933748 0.199208217605479
22 -0.0216381740886178 0.199212492935957
22 -0.0216390849540001 0.199216991725932
22 -0.0216400616706953 0.199221645115836
22 -0.0216410858274101 0.199226415299693
22 -0.0216421461677615 0.199231278501314
22 -0.0216432351902887 0.199236218457406
22 -0.021644347590267 0.199241223390142
22 -0.0216454794490638 0.199246284409063
24 -0.0216454794490638 0.199246284409063
24 -0.0217153457188177 0.199541339567546
24 -0.0218493628216886 0.200124349967341
24 -0.0220102388993986 0.200819597782957
24 -0.0221818432149095 0.201557020580142
24 -0.0223582404419574 0.202313140684087
24 -0.0225369444781131 0.203078337205052
24 -0.0227172900859075 0.203848683042292
24 -0.0228993250609235 0.20462353880948
24 -0.0230826448629442 0.205401797567551
24 -0.0232673969309715 0.206183931716947
24 -0.0232673969309715 0.206183931716947
24 -0.0232691561676249 0.206194889687113
24 -0.0232699332441341 0.206199354118282
24 -0.0232708973097042 0.206204186988961
24 -0.0232719624574359 0.20620923348085
24 -0.0232730937998776 0.206214427871953
24 -0.0232742727899746 0.206219734062638
24 -0.0232754880921601 0.206225129340269
24 -0.0232767321543799 0.20623059816295
24 -0.023277999637492 0.206236129271324
24 -0.0232792865983664 0.206241714163635
26 -0.0232792865983664 0.206241714163635
26 -0.0233548321544692 0.206552637355691
26 -0.0235004693436941 0.207169237903333
26 -0.0236751538095497 0.207904134546828
26 -0.0238613452894685 0.208683108188807
26 -0.0240525827205805 0.209481140526141
26 -0.0242461721382344 0.210288050429747
26 -0.0244413822732917 0.211099711880485
26 -0.0246382281554489 0.211915360034665
26 -0.0248362939315147 0.212733893346245
26 -0.0250357231382813 0.213555751367097
26 -0.0250357231382813 0.213555751367097
26 -0.0250377714902823 0.213567697027268
26 -0.0250386995475238 0.213572689211293
26 -0.0250398153359465 0.213578031621397
26 -0.0250410325057611 0.213583577309679
26 -0.0250423160028079 0.213589263850665
26 -0.0250436471976964 0.213595056938525
26 -0.0250450147080213 0.213600934979189
26 -0.0250464109526792 0.213606883189718
26 -0.0250478305733746 0.213612890856367
26 -0.0250492696138654 0.213618949886508
28 -0.0250492696138654 0.213618949886508
28 -0.025130237613575 0.21394369691633
28 -0.0252870019614565 0.214589744029803
28 -0.0254749042865792 0.215359376833091
28 -0.0256750543350976 0.216174718611272
28 -0.0258804860760002 0.217009394083151
28 -0.0260883058240773 0.217852730661116
28 -0.026297720174173 0.218700429404596
28 -0.0265087103067467 0.219551607221801
28 -0.0267208504113779 0.220405172445106
28 -0.0269342794744731 0.221261532117438
28 -0.0269342794744731 0.221261532117438
28 -0.0269366108944848 0.221274370212011
28 -0.0269376882340874 0.221279843755106
28 -0.0269389534297558 0.22128564857599
28 -0.0269403199662615 0.221291645907819
28 -0.0269417527343109 0.221297776754281
28 -0.0269432330806056 0.221304008676696
28 -0.0269447496113177 0.221310321245828
28 -0.0269462947397868 0.221316700469394
28 -0.0269478631052298 0.221323136202197
28 -0.0269494507506784 0.221329620778026
30 -0.0269494507506784 0.221329620778026
30 -0.0270355607555437 0.221666220924933
30 -0.0272029136407969 0.222337713498169
30 -0.027403389288025 0.223137339676331
30 -0.0276168125461786 0.223984047413428
30 -0.0278357351569375 0.224850281891385
30 -0.028057072839669 0.225724945466508
30 -0.0282799742745853 0.22660359147336
30 -0.0285043857614158 0.22748522589748
30 -0.0287298729831109 0.228368771037423
30 -0.0289565697887603 0.229254601961255
30 -0.0289565697887603 0.229254601961255
30 -0.0289591773946007 0.229268239409189
30 -0.0289604018961575 0.229274148751706
30 -0.0289618137325636 0.229280369834482
30 -0.028963326513947 0.229286772318525
30 -0.0289649051931067 0.22929330074279
30 -0.0289665311543521 0.229299924594727
30 -0.0289681930296354 0.229306624647362
30 -0.0289698832514377 0.229313387724775
30 -0.0289715964739479 0.229320204268993
30 -0.0289733287524095 0.229327067054322
32 -0.0289733287524095 0.229327067054322
32 -0.0290642794220349 0.229673627588986
32 -0.0292416409556742 0.230366716208207
32 -0.0294539969769072 0.231191773911479
32 -0.0296799576195019 0.232065037857248
32 -0.0299116169508399 0.232957944569269
32 -0.030145710132199 0.233859035205746
32 -0.0303813324121694 0.234763739697551
32 -0.0306183942465685 0.235670960512945
32 -0.0308564542994216 0.236579637565931
32 -0.0310956407670976 0.237490114648144
32 -0.0310956407670976 0.237490114648144
32 -0.0310985167957858 0.23750446082722
32 -0.0310998858636834 0.237510761388047
32 -0.0311014410903836 0.237517353707212
32 -0.0311030965062874 0.237524116057114
32 -0.0311048172455168 0.23753099659166
32 -0.0311065847925818 0.237537966769155
32 -0.031108387843082 0.237545008593444
32 -0.0311102188737239 0.237552109724721
32 -0.031112072571393 0.237559261206633
32 -0.0311139450166811 0.237566456264925
34 -0.0311139450166811 0.237566456264925
34 -0.031209418335193 0.237921167590636
34 -0.0313961749407 0.238632165131394
34 -0.0316196791900604 0.23947828600324
34 -0.0318574008783274 0.240373502134173
34 -0.032101002452802 0.241288405261359
34 -0.0323470493349981 0.242211236460205
34 -0.0325945880010863 0.243137325619354
34 -0.0328434921774422 0.244065479131408
34 -0.0330933149811179 0.244994657708248
34 -0.0333441785204415 0.24592517470349
34 -0.0333441785204415 0.24592517470349
34 -0.0333473143505333 0.245940141761469
34 -0.0333488248973833 0.245946790099534
34 -0.0333505197819841 0.245953709910984
34 -0.0333523137456405 0.245960788201651
34 -0.0333541722215218 0.245967976794368
34 -0.0333560768562251 0.245975249149033
34 -0.0333580164464425 0.245982588520212
34 -0.0333599835378897 0.245989983418096
34 -0.0333619728676264 0.245997425498165
34 -0.0333639805545221 0.246004908445379
36 -0.0333639805545221 0.246004908445379
36 -0.0334636468630659 0.246366049018009
36 -0.0336591605613916 0.247091440907768
36 -0.0338930528127109 0.247954462147835
36 -0.0341417305092249 0.248867244801967
36 -0.0343964516381329 0.249799692231415
36 -0.0346536233145499 0.250739803604201
36 -0.0349122479811348 0.251682831087567
36 -0.0351721618323358 0.252627492430172
36 -0.0354329138495242 0.253572771843971
36 -0.0356946197048778 0.254518953204281
36 -0.0356946197048778 0.254518953204281
36 -0.0356980059195997 0.254534456362105
36 -0.0356996543735181 0.254541410337596
36 -0.0357014847254056 0.25454861533377
36 -0.0357034127062723 0.25455596715334
36 -0.0357054041615842 0.254563421317409
36 -0.0357074409596007 0.254570953304851
36 -0.0357095120341255 0.254578547632519
36 -0.0357116100237099 0.254586193668868
36 -0.0357137297323907 0.254593883687356
36 -0.0357158673297326 0.254601611836914
38 -0.0357158673297326 0.254601611836914
38 -0.0358193905220666 0.254967552254969
38 -0.036023008639688 0.255704005159326
38 -0.0362665121021412 0.256579979653656
38 -0.0365253241790082 0.257506172029629
38 -0.0367903262427386 0.258451945820768
38 -0.0370577789723405 0.25940511335213
38 -0.0373266454975781 0.260360870280936
38 -0.0375967237656921 0.26131785308904
38 -0.0378675599387415 0.262275071712089
38 -0.0381392629976933 0.263232781614746
38 -0.0381392629976933 0.263232781614746
38 -0.0381428894654889 0.263248739436844
38 -0.0381446717901714 0.26325595835941
38 -0.0381466329945094 0.263263407809145
38 -0.0381486900599023 0.263270992394327
38 -0.0381508093502406 0.263278671340651
38 -0.0381529730113117 0.263286422150771
38 -0.0381551701478487 0.263294230607534
38 -0.0381573935135791 0.263302086940592
